Evaluating ERA20C database
Nfeat = 90
self.fidx_X.values() = dict_values([0, 1, 2, 3, 4, 5, 6, 7, 8, 9, 10, 11, 12, 13, 14, 15, 16, 17, 18, 19, 20, 21, 22, 23, 24, 25, 26, 27, 28, 29, 30, 31, 32, 33, 34, 35, 36, 37, 38, 39, 40, 41, 42, 43, 44, 45, 46, 47, 48, 49, 50, 51, 52, 53, 54, 55, 56, 57, 58, 59, 60, 61, 62, 63, 64, 65, 66, 67, 68, 69, 70, 71, 72, 73, 74, 75, 76, 77, 78, 79, 80, 81, 82, 83, 84, 85, 86, 87, 88, 89])
uref: min=-13.104058837890625, max=55.94646504720052
Nfeat = 90
self.fidx_X.values() = dict_values([0, 1, 2, 3, 4, 5, 6, 7, 8, 9, 10, 11, 12, 13, 14, 15, 16, 17, 18, 19, 20, 21, 22, 23, 24, 25, 26, 27, 28, 29, 30, 31, 32, 33, 34, 35, 36, 37, 38, 39, 40, 41, 42, 43, 44, 45, 46, 47, 48, 49, 50, 51, 52, 53, 54, 55, 56, 57, 58, 59, 60, 61, 62, 63, 64, 65, 66, 67, 68, 69, 70, 71, 72, 73, 74, 75, 76, 77, 78, 79, 80, 81, 82, 83, 84, 85, 86, 87, 88, 89])
uref: min=-24.538299560546875, max=62.31591695149739
temp_capavg.shape = (181, 10)
Nfeat = 90
self.fidx_X.values() = dict_values([0, 1, 2, 3, 4, 5, 6, 7, 8, 9, 10, 11, 12, 13, 14, 15, 16, 17, 18, 19, 20, 21, 22, 23, 24, 25, 26, 27, 28, 29, 30, 31, 32, 33, 34, 35, 36, 37, 38, 39, 40, 41, 42, 43, 44, 45, 46, 47, 48, 49, 50, 51, 52, 53, 54, 55, 56, 57, 58, 59, 60, 61, 62, 63, 64, 65, 66, 67, 68, 69, 70, 71, 72, 73, 74, 75, 76, 77, 78, 79, 80, 81, 82, 83, 84, 85, 86, 87, 88, 89])
uref: min=-17.291902669270833, max=66.94745178222657
temp_capavg.shape = (181, 10)
temp_capavg.shape = (181, 10)
Nfeat = 90
self.fidx_X.values() = dict_values([0, 1, 2, 3, 4, 5, 6, 7, 8, 9, 10, 11, 12, 13, 14, 15, 16, 17, 18, 19, 20, 21, 22, 23, 24, 25, 26, 27, 28, 29, 30, 31, 32, 33, 34, 35, 36, 37, 38, 39, 40, 41, 42, 43, 44, 45, 46, 47, 48, 49, 50, 51, 52, 53, 54, 55, 56, 57, 58, 59, 60, 61, 62, 63, 64, 65, 66, 67, 68, 69, 70, 71, 72, 73, 74, 75, 76, 77, 78, 79, 80, 81, 82, 83, 84, 85, 86, 87, 88, 89])
uref: min=-7.884813435872396, max=35.061728922526044
Nlev = 10, vT.shape = (181, 10), i_feat = 79, X.shape = (181, 90)
evaluated ds_filename /scratch/jf4241/ecmwf_data/era20c_data/2021-11-03/1900-11-01_to_1901-04-30.nc
Nfeat = 90
self.fidx_X.values() = dict_values([0, 1, 2, 3, 4, 5, 6, 7, 8, 9, 10, 11, 12, 13, 14, 15, 16, 17, 18, 19, 20, 21, 22, 23, 24, 25, 26, 27, 28, 29, 30, 31, 32, 33, 34, 35, 36, 37, 38, 39, 40, 41, 42, 43, 44, 45, 46, 47, 48, 49, 50, 51, 52, 53, 54, 55, 56, 57, 58, 59, 60, 61, 62, 63, 64, 65, 66, 67, 68, 69, 70, 71, 72, 73, 74, 75, 76, 77, 78, 79, 80, 81, 82, 83, 84, 85, 86, 87, 88, 89])
uref: min=-7.409569295247396, max=44.49019978841146
temp_capavg.shape = (181, 10)
Nlev = 10, vT.shape = (181, 10), i_feat = 79, X.shape = (181, 90)
evaluated ds_filename /scratch/jf4241/ecmwf_data/era20c_data/2021-11-03/1906-11-01_to_1907-04-30.nc
temp_capavg.shape = (181, 10)
Nlev = 10, vT.shape = (181, 10), i_feat = 79, X.shape = (181, 90)
evaluated ds_filename /scratch/jf4241/ecmwf_data/era20c_data/2021-11-03/1912-11-01_to_1913-04-30.nc
Nlev = 10, vT.shape = (181, 10), i_feat = 79, X.shape = (181, 90)
evaluated ds_filename /scratch/jf4241/ecmwf_data/era20c_data/2021-11-03/1918-11-01_to_1919-04-30.nc
Nfeat = 90
self.fidx_X.values() = dict_values([0, 1, 2, 3, 4, 5, 6, 7, 8, 9, 10, 11, 12, 13, 14, 15, 16, 17, 18, 19, 20, 21, 22, 23, 24, 25, 26, 27, 28, 29, 30, 31, 32, 33, 34, 35, 36, 37, 38, 39, 40, 41, 42, 43, 44, 45, 46, 47, 48, 49, 50, 51, 52, 53, 54, 55, 56, 57, 58, 59, 60, 61, 62, 63, 64, 65, 66, 67, 68, 69, 70, 71, 72, 73, 74, 75, 76, 77, 78, 79, 80, 81, 82, 83, 84, 85, 86, 87, 88, 89])
uref: min=-10.802367146809896, max=52.255662027994795
Nfeat = 90
self.fidx_X.values() = dict_values([0, 1, 2, 3, 4, 5, 6, 7, 8, 9, 10, 11, 12, 13, 14, 15, 16, 17, 18, 19, 20, 21, 22, 23, 24, 25, 26, 27, 28, 29, 30, 31, 32, 33, 34, 35, 36, 37, 38, 39, 40, 41, 42, 43, 44, 45, 46, 47, 48, 49, 50, 51, 52, 53, 54, 55, 56, 57, 58, 59, 60, 61, 62, 63, 64, 65, 66, 67, 68, 69, 70, 71, 72, 73, 74, 75, 76, 77, 78, 79, 80, 81, 82, 83, 84, 85, 86, 87, 88, 89])
uref: min=-21.18609619140625, max=56.51915995279948
Nlev = 10, vT.shape = (181, 10), i_feat = 79, X.shape = (181, 90)
evaluated ds_filename /scratch/jf4241/ecmwf_data/era20c_data/2021-11-03/1924-11-01_to_1925-04-30.nc
temp_capavg.shape = (181, 10)
Nfeat = 90
self.fidx_X.values() = dict_values([0, 1, 2, 3, 4, 5, 6, 7, 8, 9, 10, 11, 12, 13, 14, 15, 16, 17, 18, 19, 20, 21, 22, 23, 24, 25, 26, 27, 28, 29, 30, 31, 32, 33, 34, 35, 36, 37, 38, 39, 40, 41, 42, 43, 44, 45, 46, 47, 48, 49, 50, 51, 52, 53, 54, 55, 56, 57, 58, 59, 60, 61, 62, 63, 64, 65, 66, 67, 68, 69, 70, 71, 72, 73, 74, 75, 76, 77, 78, 79, 80, 81, 82, 83, 84, 85, 86, 87, 88, 89])
uref: min=-15.58892110188802, max=52.742984008789065
temp_capavg.shape = (182, 10)
temp_capavg.shape = (181, 10)
Nfeat = 90
self.fidx_X.values() = dict_values([0, 1, 2, 3, 4, 5, 6, 7, 8, 9, 10, 11, 12, 13, 14, 15, 16, 17, 18, 19, 20, 21, 22, 23, 24, 25, 26, 27, 28, 29, 30, 31, 32, 33, 34, 35, 36, 37, 38, 39, 40, 41, 42, 43, 44, 45, 46, 47, 48, 49, 50, 51, 52, 53, 54, 55, 56, 57, 58, 59, 60, 61, 62, 63, 64, 65, 66, 67, 68, 69, 70, 71, 72, 73, 74, 75, 76, 77, 78, 79, 80, 81, 82, 83, 84, 85, 86, 87, 88, 89])
uref: min=-6.289430745442709, max=83.12570393880209
Nlev = 10, vT.shape = (181, 10), i_feat = 79, X.shape = (181, 90)
evaluated ds_filename /scratch/jf4241/ecmwf_data/era20c_data/2021-11-03/1901-11-01_to_1902-04-30.nc
Nfeat = 90
self.fidx_X.values() = dict_values([0, 1, 2, 3, 4, 5, 6, 7, 8, 9, 10, 11, 12, 13, 14, 15, 16, 17, 18, 19, 20, 21, 22, 23, 24, 25, 26, 27, 28, 29, 30, 31, 32, 33, 34, 35, 36, 37, 38, 39, 40, 41, 42, 43, 44, 45, 46, 47, 48, 49, 50, 51, 52, 53, 54, 55, 56, 57, 58, 59, 60, 61, 62, 63, 64, 65, 66, 67, 68, 69, 70, 71, 72, 73, 74, 75, 76, 77, 78, 79, 80, 81, 82, 83, 84, 85, 86, 87, 88, 89])
uref: min=-9.445465087890625, max=58.50772501627604
temp_capavg.shape = (182, 10)
Nlev = 10, vT.shape = (182, 10), i_feat = 79, X.shape = (182, 90)
evaluated ds_filename /scratch/jf4241/ecmwf_data/era20c_data/2021-11-03/1907-11-01_to_1908-04-30.nc
temp_capavg.shape = (181, 10)
Nlev = 10, vT.shape = (181, 10), i_feat = 79, X.shape = (181, 90)
evaluated ds_filename /scratch/jf4241/ecmwf_data/era20c_data/2021-11-03/1913-11-01_to_1914-04-30.nc
Nlev = 10, vT.shape = (182, 10), i_feat = 79, X.shape = (182, 90)
Nfeat = 90
self.fidx_X.values() = dict_values([0, 1, 2, 3, 4, 5, 6, 7, 8, 9, 10, 11, 12, 13, 14, 15, 16, 17, 18, 19, 20, 21, 22, 23, 24, 25, 26, 27, 28, 29, 30, 31, 32, 33, 34, 35, 36, 37, 38, 39, 40, 41, 42, 43, 44, 45, 46, 47, 48, 49, 50, 51, 52, 53, 54, 55, 56, 57, 58, 59, 60, 61, 62, 63, 64, 65, 66, 67, 68, 69, 70, 71, 72, 73, 74, 75, 76, 77, 78, 79, 80, 81, 82, 83, 84, 85, 86, 87, 88, 89])
uref: min=-23.09136454264323, max=53.19287007649739
evaluated ds_filename /scratch/jf4241/ecmwf_data/era20c_data/2021-11-03/1919-11-01_to_1920-04-30.nc
Nfeat = 90
self.fidx_X.values() = dict_values([0, 1, 2, 3, 4, 5, 6, 7, 8, 9, 10, 11, 12, 13, 14, 15, 16, 17, 18, 19, 20, 21, 22, 23, 24, 25, 26, 27, 28, 29, 30, 31, 32, 33, 34, 35, 36, 37, 38, 39, 40, 41, 42, 43, 44, 45, 46, 47, 48, 49, 50, 51, 52, 53, 54, 55, 56, 57, 58, 59, 60, 61, 62, 63, 64, 65, 66, 67, 68, 69, 70, 71, 72, 73, 74, 75, 76, 77, 78, 79, 80, 81, 82, 83, 84, 85, 86, 87, 88, 89])
uref: min=-16.132757568359374, max=53.36688028971354
Nlev = 10, vT.shape = (181, 10), i_feat = 79, X.shape = (181, 90)
evaluated ds_filename /scratch/jf4241/ecmwf_data/era20c_data/2021-11-03/1925-11-01_to_1926-04-30.nc
temp_capavg.shape = (181, 10)
Nfeat = 90
self.fidx_X.values() = dict_values([0, 1, 2, 3, 4, 5, 6, 7, 8, 9, 10, 11, 12, 13, 14, 15, 16, 17, 18, 19, 20, 21, 22, 23, 24, 25, 26, 27, 28, 29, 30, 31, 32, 33, 34, 35, 36, 37, 38, 39, 40, 41, 42, 43, 44, 45, 46, 47, 48, 49, 50, 51, 52, 53, 54, 55, 56, 57, 58, 59, 60, 61, 62, 63, 64, 65, 66, 67, 68, 69, 70, 71, 72, 73, 74, 75, 76, 77, 78, 79, 80, 81, 82, 83, 84, 85, 86, 87, 88, 89])
uref: min=-21.57927958170573, max=63.28535868326823
temp_capavg.shape = (181, 10)
temp_capavg.shape = (181, 10)
Nfeat = 90
self.fidx_X.values() = dict_values([0, 1, 2, 3, 4, 5, 6, 7, 8, 9, 10, 11, 12, 13, 14, 15, 16, 17, 18, 19, 20, 21, 22, 23, 24, 25, 26, 27, 28, 29, 30, 31, 32, 33, 34, 35, 36, 37, 38, 39, 40, 41, 42, 43, 44, 45, 46, 47, 48, 49, 50, 51, 52, 53, 54, 55, 56, 57, 58, 59, 60, 61, 62, 63, 64, 65, 66, 67, 68, 69, 70, 71, 72, 73, 74, 75, 76, 77, 78, 79, 80, 81, 82, 83, 84, 85, 86, 87, 88, 89])
uref: min=-11.60744120279948, max=52.881142171223956
Nlev = 10, vT.shape = (181, 10), i_feat = 79, X.shape = (181, 90)
evaluated ds_filename /scratch/jf4241/ecmwf_data/era20c_data/2021-11-03/1902-11-01_to_1903-04-30.nc
Nfeat = 90
self.fidx_X.values() = dict_values([0, 1, 2, 3, 4, 5, 6, 7, 8, 9, 10, 11, 12, 13, 14, 15, 16, 17, 18, 19, 20, 21, 22, 23, 24, 25, 26, 27, 28, 29, 30, 31, 32, 33, 34, 35, 36, 37, 38, 39, 40, 41, 42, 43, 44, 45, 46, 47, 48, 49, 50, 51, 52, 53, 54, 55, 56, 57, 58, 59, 60, 61, 62, 63, 64, 65, 66, 67, 68, 69, 70, 71, 72, 73, 74, 75, 76, 77, 78, 79, 80, 81, 82, 83, 84, 85, 86, 87, 88, 89])
uref: min=-11.884693400065105, max=62.8555908203125
temp_capavg.shape = (181, 10)
Nlev = 10, vT.shape = (181, 10), i_feat = 79, X.shape = (181, 90)
evaluated ds_filename /scratch/jf4241/ecmwf_data/era20c_data/2021-11-03/1908-11-01_to_1909-04-30.nc
temp_capavg.shape = (181, 10)
Nlev = 10, vT.shape = (181, 10), i_feat = 79, X.shape = (181, 90)
evaluated ds_filename /scratch/jf4241/ecmwf_data/era20c_data/2021-11-03/1914-11-01_to_1915-04-30.nc
Nlev = 10, vT.shape = (181, 10), i_feat = 79, X.shape = (181, 90)
Nfeat = 90
self.fidx_X.values() = dict_values([0, 1, 2, 3, 4, 5, 6, 7, 8, 9, 10, 11, 12, 13, 14, 15, 16, 17, 18, 19, 20, 21, 22, 23, 24, 25, 26, 27, 28, 29, 30, 31, 32, 33, 34, 35, 36, 37, 38, 39, 40, 41, 42, 43, 44, 45, 46, 47, 48, 49, 50, 51, 52, 53, 54, 55, 56, 57, 58, 59, 60, 61, 62, 63, 64, 65, 66, 67, 68, 69, 70, 71, 72, 73, 74, 75, 76, 77, 78, 79, 80, 81, 82, 83, 84, 85, 86, 87, 88, 89])
uref: min=-15.532729085286459, max=57.0248301188151
evaluated ds_filename /scratch/jf4241/ecmwf_data/era20c_data/2021-11-03/1920-11-01_to_1921-04-30.nc
Nfeat = 90
self.fidx_X.values() = dict_values([0, 1, 2, 3, 4, 5, 6, 7, 8, 9, 10, 11, 12, 13, 14, 15, 16, 17, 18, 19, 20, 21, 22, 23, 24, 25, 26, 27, 28, 29, 30, 31, 32, 33, 34, 35, 36, 37, 38, 39, 40, 41, 42, 43, 44, 45, 46, 47, 48, 49, 50, 51, 52, 53, 54, 55, 56, 57, 58, 59, 60, 61, 62, 63, 64, 65, 66, 67, 68, 69, 70, 71, 72, 73, 74, 75, 76, 77, 78, 79, 80, 81, 82, 83, 84, 85, 86, 87, 88, 89])
uref: min=-10.266432698567709, max=55.95492858886719
Nlev = 10, vT.shape = (181, 10), i_feat = 79, X.shape = (181, 90)
evaluated ds_filename /scratch/jf4241/ecmwf_data/era20c_data/2021-11-03/1926-11-01_to_1927-04-30.nc
temp_capavg.shape = (182, 10)
Nfeat = 90
self.fidx_X.values() = dict_values([0, 1, 2, 3, 4, 5, 6, 7, 8, 9, 10, 11, 12, 13, 14, 15, 16, 17, 18, 19, 20, 21, 22, 23, 24, 25, 26, 27, 28, 29, 30, 31, 32, 33, 34, 35, 36, 37, 38, 39, 40, 41, 42, 43, 44, 45, 46, 47, 48, 49, 50, 51, 52, 53, 54, 55, 56, 57, 58, 59, 60, 61, 62, 63, 64, 65, 66, 67, 68, 69, 70, 71, 72, 73, 74, 75, 76, 77, 78, 79, 80, 81, 82, 83, 84, 85, 86, 87, 88, 89])
uref: min=-7.275276692708333, max=77.77080790201823
temp_capavg.shape = (181, 10)
Nfeat = 90
self.fidx_X.values() = dict_values([0, 1, 2, 3, 4, 5, 6, 7, 8, 9, 10, 11, 12, 13, 14, 15, 16, 17, 18, 19, 20, 21, 22, 23, 24, 25, 26, 27, 28, 29, 30, 31, 32, 33, 34, 35, 36, 37, 38, 39, 40, 41, 42, 43, 44, 45, 46, 47, 48, 49, 50, 51, 52, 53, 54, 55, 56, 57, 58, 59, 60, 61, 62, 63, 64, 65, 66, 67, 68, 69, 70, 71, 72, 73, 74, 75, 76, 77, 78, 79, 80, 81, 82, 83, 84, 85, 86, 87, 88, 89])
uref: min=-20.57315673828125, max=43.41720072428385
temp_capavg.shape = (182, 10)
Nlev = 10, vT.shape = (182, 10), i_feat = 79, X.shape = (182, 90)
evaluated ds_filename /scratch/jf4241/ecmwf_data/era20c_data/2021-11-03/1903-11-01_to_1904-04-30.nc
Nfeat = 90
self.fidx_X.values() = dict_values([0, 1, 2, 3, 4, 5, 6, 7, 8, 9, 10, 11, 12, 13, 14, 15, 16, 17, 18, 19, 20, 21, 22, 23, 24, 25, 26, 27, 28, 29, 30, 31, 32, 33, 34, 35, 36, 37, 38, 39, 40, 41, 42, 43, 44, 45, 46, 47, 48, 49, 50, 51, 52, 53, 54, 55, 56, 57, 58, 59, 60, 61, 62, 63, 64, 65, 66, 67, 68, 69, 70, 71, 72, 73, 74, 75, 76, 77, 78, 79, 80, 81, 82, 83, 84, 85, 86, 87, 88, 89])
uref: min=-6.648611450195313, max=62.51756998697917
temp_capavg.shape = (181, 10)
Nlev = 10, vT.shape = (181, 10), i_feat = 79, X.shape = (181, 90)
evaluated ds_filename /scratch/jf4241/ecmwf_data/era20c_data/2021-11-03/1909-11-01_to_1910-04-30.nc
temp_capavg.shape = (182, 10)
Nlev = 10, vT.shape = (182, 10), i_feat = 79, X.shape = (182, 90)
evaluated ds_filename /scratch/jf4241/ecmwf_data/era20c_data/2021-11-03/1915-11-01_to_1916-04-30.nc
Nfeat = 90
self.fidx_X.values() = dict_values([0, 1, 2, 3, 4, 5, 6, 7, 8, 9, 10, 11, 12, 13, 14, 15, 16, 17, 18, 19, 20, 21, 22, 23, 24, 25, 26, 27, 28, 29, 30, 31, 32, 33, 34, 35, 36, 37, 38, 39, 40, 41, 42, 43, 44, 45, 46, 47, 48, 49, 50, 51, 52, 53, 54, 55, 56, 57, 58, 59, 60, 61, 62, 63, 64, 65, 66, 67, 68, 69, 70, 71, 72, 73, 74, 75, 76, 77, 78, 79, 80, 81, 82, 83, 84, 85, 86, 87, 88, 89])
uref: min=-6.613668823242188, max=53.26435546875
Nlev = 10, vT.shape = (181, 10), i_feat = 79, X.shape = (181, 90)
evaluated ds_filename /scratch/jf4241/ecmwf_data/era20c_data/2021-11-03/1921-11-01_to_1922-04-30.nc
Nfeat = 90
self.fidx_X.values() = dict_values([0, 1, 2, 3, 4, 5, 6, 7, 8, 9, 10, 11, 12, 13, 14, 15, 16, 17, 18, 19, 20, 21, 22, 23, 24, 25, 26, 27, 28, 29, 30, 31, 32, 33, 34, 35, 36, 37, 38, 39, 40, 41, 42, 43, 44, 45, 46, 47, 48, 49, 50, 51, 52, 53, 54, 55, 56, 57, 58, 59, 60, 61, 62, 63, 64, 65, 66, 67, 68, 69, 70, 71, 72, 73, 74, 75, 76, 77, 78, 79, 80, 81, 82, 83, 84, 85, 86, 87, 88, 89])
uref: min=-6.814100138346354, max=53.469031778971356
Nlev = 10, vT.shape = (182, 10), i_feat = 79, X.shape = (182, 90)
evaluated ds_filename /scratch/jf4241/ecmwf_data/era20c_data/2021-11-03/1927-11-01_to_1928-04-30.nc
temp_capavg.shape = (181, 10)
temp_capavg.shape = (181, 10)
Nfeat = 90
self.fidx_X.values() = dict_values([0, 1, 2, 3, 4, 5, 6, 7, 8, 9, 10, 11, 12, 13, 14, 15, 16, 17, 18, 19, 20, 21, 22, 23, 24, 25, 26, 27, 28, 29, 30, 31, 32, 33, 34, 35, 36, 37, 38, 39, 40, 41, 42, 43, 44, 45, 46, 47, 48, 49, 50, 51, 52, 53, 54, 55, 56, 57, 58, 59, 60, 61, 62, 63, 64, 65, 66, 67, 68, 69, 70, 71, 72, 73, 74, 75, 76, 77, 78, 79, 80, 81, 82, 83, 84, 85, 86, 87, 88, 89])
uref: min=11.027201334635416, max=58.27886962890625
Nfeat = 90
self.fidx_X.values() = dict_values([0, 1, 2, 3, 4, 5, 6, 7, 8, 9, 10, 11, 12, 13, 14, 15, 16, 17, 18, 19, 20, 21, 22, 23, 24, 25, 26, 27, 28, 29, 30, 31, 32, 33, 34, 35, 36, 37, 38, 39, 40, 41, 42, 43, 44, 45, 46, 47, 48, 49, 50, 51, 52, 53, 54, 55, 56, 57, 58, 59, 60, 61, 62, 63, 64, 65, 66, 67, 68, 69, 70, 71, 72, 73, 74, 75, 76, 77, 78, 79, 80, 81, 82, 83, 84, 85, 86, 87, 88, 89])
uref: min=-16.852528889973957, max=73.0167978922526
temp_capavg.shape = (181, 10)
Nlev = 10, vT.shape = (181, 10), i_feat = 79, X.shape = (181, 90)
evaluated ds_filename /scratch/jf4241/ecmwf_data/era20c_data/2021-11-03/1904-11-01_to_1905-04-30.nc
temp_capavg.shape = (181, 10)
Nlev = 10, vT.shape = (181, 10), i_feat = 79, X.shape = (181, 90)
evaluated ds_filename /scratch/jf4241/ecmwf_data/era20c_data/2021-11-03/1910-11-01_to_1911-04-30.nc
Nlev = 10, vT.shape = (181, 10), i_feat = 79, X.shape = (181, 90)
evaluated ds_filename /scratch/jf4241/ecmwf_data/era20c_data/2021-11-03/1916-11-01_to_1917-04-30.nc
Nfeat = 90
self.fidx_X.values() = dict_values([0, 1, 2, 3, 4, 5, 6, 7, 8, 9, 10, 11, 12, 13, 14, 15, 16, 17, 18, 19, 20, 21, 22, 23, 24, 25, 26, 27, 28, 29, 30, 31, 32, 33, 34, 35, 36, 37, 38, 39, 40, 41, 42, 43, 44, 45, 46, 47, 48, 49, 50, 51, 52, 53, 54, 55, 56, 57, 58, 59, 60, 61, 62, 63, 64, 65, 66, 67, 68, 69, 70, 71, 72, 73, 74, 75, 76, 77, 78, 79, 80, 81, 82, 83, 84, 85, 86, 87, 88, 89])
uref: min=-14.489956665039063, max=51.911817423502605
Nfeat = 90
self.fidx_X.values() = dict_values([0, 1, 2, 3, 4, 5, 6, 7, 8, 9, 10, 11, 12, 13, 14, 15, 16, 17, 18, 19, 20, 21, 22, 23, 24, 25, 26, 27, 28, 29, 30, 31, 32, 33, 34, 35, 36, 37, 38, 39, 40, 41, 42, 43, 44, 45, 46, 47, 48, 49, 50, 51, 52, 53, 54, 55, 56, 57, 58, 59, 60, 61, 62, 63, 64, 65, 66, 67, 68, 69, 70, 71, 72, 73, 74, 75, 76, 77, 78, 79, 80, 81, 82, 83, 84, 85, 86, 87, 88, 89])
uref: min=-4.729134114583333, max=59.96695149739583
Nlev = 10, vT.shape = (181, 10), i_feat = 79, X.shape = (181, 90)
evaluated ds_filename /scratch/jf4241/ecmwf_data/era20c_data/2021-11-03/1922-11-01_to_1923-04-30.nc
temp_capavg.shape = (181, 10)
Nfeat = 90
self.fidx_X.values() = dict_values([0, 1, 2, 3, 4, 5, 6, 7, 8, 9, 10, 11, 12, 13, 14, 15, 16, 17, 18, 19, 20, 21, 22, 23, 24, 25, 26, 27, 28, 29, 30, 31, 32, 33, 34, 35, 36, 37, 38, 39, 40, 41, 42, 43, 44, 45, 46, 47, 48, 49, 50, 51, 52, 53, 54, 55, 56, 57, 58, 59, 60, 61, 62, 63, 64, 65, 66, 67, 68, 69, 70, 71, 72, 73, 74, 75, 76, 77, 78, 79, 80, 81, 82, 83, 84, 85, 86, 87, 88, 89])
uref: min=-17.08220926920573, max=57.481642659505205
temp_capavg.shape = (181, 10)
Nfeat = 90
self.fidx_X.values() = dict_values([0, 1, 2, 3, 4, 5, 6, 7, 8, 9, 10, 11, 12, 13, 14, 15, 16, 17, 18, 19, 20, 21, 22, 23, 24, 25, 26, 27, 28, 29, 30, 31, 32, 33, 34, 35, 36, 37, 38, 39, 40, 41, 42, 43, 44, 45, 46, 47, 48, 49, 50, 51, 52, 53, 54, 55, 56, 57, 58, 59, 60, 61, 62, 63, 64, 65, 66, 67, 68, 69, 70, 71, 72, 73, 74, 75, 76, 77, 78, 79, 80, 81, 82, 83, 84, 85, 86, 87, 88, 89])
uref: min=-18.281033325195313, max=76.50182596842448
temp_capavg.shape = (182, 10)
Nfeat = 90
self.fidx_X.values() = dict_values([0, 1, 2, 3, 4, 5, 6, 7, 8, 9, 10, 11, 12, 13, 14, 15, 16, 17, 18, 19, 20, 21, 22, 23, 24, 25, 26, 27, 28, 29, 30, 31, 32, 33, 34, 35, 36, 37, 38, 39, 40, 41, 42, 43, 44, 45, 46, 47, 48, 49, 50, 51, 52, 53, 54, 55, 56, 57, 58, 59, 60, 61, 62, 63, 64, 65, 66, 67, 68, 69, 70, 71, 72, 73, 74, 75, 76, 77, 78, 79, 80, 81, 82, 83, 84, 85, 86, 87, 88, 89])
uref: min=-1.986138916015625, max=54.011878458658856
Nlev = 10, vT.shape = (181, 10), i_feat = 79, X.shape = (181, 90)
evaluated ds_filename /scratch/jf4241/ecmwf_data/era20c_data/2021-11-03/1928-11-01_to_1929-04-30.nc
temp_capavg.shape = (181, 10)
Nlev = 10, vT.shape = (181, 10), i_feat = 79, X.shape = (181, 90)
evaluated ds_filename /scratch/jf4241/ecmwf_data/era20c_data/2021-11-03/1905-11-01_to_1906-04-30.nc
temp_capavg.shape = (182, 10)
Nlev = 10, vT.shape = (182, 10), i_feat = 79, X.shape = (182, 90)
evaluated ds_filename /scratch/jf4241/ecmwf_data/era20c_data/2021-11-03/1911-11-01_to_1912-04-30.nc
Nlev = 10, vT.shape = (181, 10), i_feat = 79, X.shape = (181, 90)
evaluated ds_filename /scratch/jf4241/ecmwf_data/era20c_data/2021-11-03/1917-11-01_to_1918-04-30.nc
Nfeat = 90
self.fidx_X.values() = dict_values([0, 1, 2, 3, 4, 5, 6, 7, 8, 9, 10, 11, 12, 13, 14, 15, 16, 17, 18, 19, 20, 21, 22, 23, 24, 25, 26, 27, 28, 29, 30, 31, 32, 33, 34, 35, 36, 37, 38, 39, 40, 41, 42, 43, 44, 45, 46, 47, 48, 49, 50, 51, 52, 53, 54, 55, 56, 57, 58, 59, 60, 61, 62, 63, 64, 65, 66, 67, 68, 69, 70, 71, 72, 73, 74, 75, 76, 77, 78, 79, 80, 81, 82, 83, 84, 85, 86, 87, 88, 89])
uref: min=-15.287608846028645, max=47.14837137858073
Nlev = 10, vT.shape = (182, 10), i_feat = 79, X.shape = (182, 90)
evaluated ds_filename /scratch/jf4241/ecmwf_data/era20c_data/2021-11-03/1923-11-01_to_1924-04-30.nc
temp_capavg.shape = (181, 10)
Nfeat = 90
self.fidx_X.values() = dict_values([0, 1, 2, 3, 4, 5, 6, 7, 8, 9, 10, 11, 12, 13, 14, 15, 16, 17, 18, 19, 20, 21, 22, 23, 24, 25, 26, 27, 28, 29, 30, 31, 32, 33, 34, 35, 36, 37, 38, 39, 40, 41, 42, 43, 44, 45, 46, 47, 48, 49, 50, 51, 52, 53, 54, 55, 56, 57, 58, 59, 60, 61, 62, 63, 64, 65, 66, 67, 68, 69, 70, 71, 72, 73, 74, 75, 76, 77, 78, 79, 80, 81, 82, 83, 84, 85, 86, 87, 88, 89])
uref: min=-25.015762329101562, max=40.425490315755205
Nfeat = 90
self.fidx_X.values() = dict_values([0, 1, 2, 3, 4, 5, 6, 7, 8, 9, 10, 11, 12, 13, 14, 15, 16, 17, 18, 19, 20, 21, 22, 23, 24, 25, 26, 27, 28, 29, 30, 31, 32, 33, 34, 35, 36, 37, 38, 39, 40, 41, 42, 43, 44, 45, 46, 47, 48, 49, 50, 51, 52, 53, 54, 55, 56, 57, 58, 59, 60, 61, 62, 63, 64, 65, 66, 67, 68, 69, 70, 71, 72, 73, 74, 75, 76, 77, 78, 79, 80, 81, 82, 83, 84, 85, 86, 87, 88, 89])
uref: min=-20.986416625976563, max=70.5268788655599
temp_capavg.shape = (181, 10)
Nlev = 10, vT.shape = (181, 10), i_feat = 79, X.shape = (181, 90)
evaluated ds_filename /scratch/jf4241/ecmwf_data/era20c_data/2021-11-03/1929-11-01_to_1930-04-30.nc
Nfeat = 90
self.fidx_X.values() = dict_values([0, 1, 2, 3, 4, 5, 6, 7, 8, 9, 10, 11, 12, 13, 14, 15, 16, 17, 18, 19, 20, 21, 22, 23, 24, 25, 26, 27, 28, 29, 30, 31, 32, 33, 34, 35, 36, 37, 38, 39, 40, 41, 42, 43, 44, 45, 46, 47, 48, 49, 50, 51, 52, 53, 54, 55, 56, 57, 58, 59, 60, 61, 62, 63, 64, 65, 66, 67, 68, 69, 70, 71, 72, 73, 74, 75, 76, 77, 78, 79, 80, 81, 82, 83, 84, 85, 86, 87, 88, 89])
uref: min=-0.2654012044270833, max=69.2473876953125
temp_capavg.shape = (181, 10)
temp_capavg.shape = (181, 10)
Nfeat = 90
self.fidx_X.values() = dict_values([0, 1, 2, 3, 4, 5, 6, 7, 8, 9, 10, 11, 12, 13, 14, 15, 16, 17, 18, 19, 20, 21, 22, 23, 24, 25, 26, 27, 28, 29, 30, 31, 32, 33, 34, 35, 36, 37, 38, 39, 40, 41, 42, 43, 44, 45, 46, 47, 48, 49, 50, 51, 52, 53, 54, 55, 56, 57, 58, 59, 60, 61, 62, 63, 64, 65, 66, 67, 68, 69, 70, 71, 72, 73, 74, 75, 76, 77, 78, 79, 80, 81, 82, 83, 84, 85, 86, 87, 88, 89])
uref: min=-14.37164306640625, max=76.03005879720052
Nlev = 10, vT.shape = (181, 10), i_feat = 79, X.shape = (181, 90)
evaluated ds_filename /scratch/jf4241/ecmwf_data/era20c_data/2021-11-03/1930-11-01_to_1931-04-30.nc
temp_capavg.shape = (181, 10)
Nlev = 10, vT.shape = (181, 10), i_feat = 79, X.shape = (181, 90)
evaluated ds_filename /scratch/jf4241/ecmwf_data/era20c_data/2021-11-03/1936-11-01_to_1937-04-30.nc
Nfeat = 90
self.fidx_X.values() = dict_values([0, 1, 2, 3, 4, 5, 6, 7, 8, 9, 10, 11, 12, 13, 14, 15, 16, 17, 18, 19, 20, 21, 22, 23, 24, 25, 26, 27, 28, 29, 30, 31, 32, 33, 34, 35, 36, 37, 38, 39, 40, 41, 42, 43, 44, 45, 46, 47, 48, 49, 50, 51, 52, 53, 54, 55, 56, 57, 58, 59, 60, 61, 62, 63, 64, 65, 66, 67, 68, 69, 70, 71, 72, 73, 74, 75, 76, 77, 78, 79, 80, 81, 82, 83, 84, 85, 86, 87, 88, 89])
uref: min=-17.449629720052084, max=55.11490478515625
Nlev = 10, vT.shape = (181, 10), i_feat = 79, X.shape = (181, 90)
evaluated ds_filename /scratch/jf4241/ecmwf_data/era20c_data/2021-11-03/1942-11-01_to_1943-04-30.nc
Nfeat = 90
self.fidx_X.values() = dict_values([0, 1, 2, 3, 4, 5, 6, 7, 8, 9, 10, 11, 12, 13, 14, 15, 16, 17, 18, 19, 20, 21, 22, 23, 24, 25, 26, 27, 28, 29, 30, 31, 32, 33, 34, 35, 36, 37, 38, 39, 40, 41, 42, 43, 44, 45, 46, 47, 48, 49, 50, 51, 52, 53, 54, 55, 56, 57, 58, 59, 60, 61, 62, 63, 64, 65, 66, 67, 68, 69, 70, 71, 72, 73, 74, 75, 76, 77, 78, 79, 80, 81, 82, 83, 84, 85, 86, 87, 88, 89])
uref: min=-15.368257649739583, max=57.5744883219401
temp_capavg.shape = (181, 10)
Nlev = 10, vT.shape = (181, 10), i_feat = 79, X.shape = (181, 90)
evaluated ds_filename /scratch/jf4241/ecmwf_data/era20c_data/2021-11-03/1948-11-01_to_1949-04-30.nc
Nfeat = 90
self.fidx_X.values() = dict_values([0, 1, 2, 3, 4, 5, 6, 7, 8, 9, 10, 11, 12, 13, 14, 15, 16, 17, 18, 19, 20, 21, 22, 23, 24, 25, 26, 27, 28, 29, 30, 31, 32, 33, 34, 35, 36, 37, 38, 39, 40, 41, 42, 43, 44, 45, 46, 47, 48, 49, 50, 51, 52, 53, 54, 55, 56, 57, 58, 59, 60, 61, 62, 63, 64, 65, 66, 67, 68, 69, 70, 71, 72, 73, 74, 75, 76, 77, 78, 79, 80, 81, 82, 83, 84, 85, 86, 87, 88, 89])
uref: min=-4.978191121419271, max=51.16916198730469
temp_capavg.shape = (182, 10)
Nfeat = 90
self.fidx_X.values() = dict_values([0, 1, 2, 3, 4, 5, 6, 7, 8, 9, 10, 11, 12, 13, 14, 15, 16, 17, 18, 19, 20, 21, 22, 23, 24, 25, 26, 27, 28, 29, 30, 31, 32, 33, 34, 35, 36, 37, 38, 39, 40, 41, 42, 43, 44, 45, 46, 47, 48, 49, 50, 51, 52, 53, 54, 55, 56, 57, 58, 59, 60, 61, 62, 63, 64, 65, 66, 67, 68, 69, 70, 71, 72, 73, 74, 75, 76, 77, 78, 79, 80, 81, 82, 83, 84, 85, 86, 87, 88, 89])
uref: min=-9.96691182454427, max=44.40220642089844
temp_capavg.shape = (181, 10)
Nlev = 10, vT.shape = (181, 10), i_feat = 79, X.shape = (181, 90)
evaluated ds_filename /scratch/jf4241/ecmwf_data/era20c_data/2021-11-03/1954-11-01_to_1955-04-30.nc
Nfeat = 90
self.fidx_X.values() = dict_values([0, 1, 2, 3, 4, 5, 6, 7, 8, 9, 10, 11, 12, 13, 14, 15, 16, 17, 18, 19, 20, 21, 22, 23, 24, 25, 26, 27, 28, 29, 30, 31, 32, 33, 34, 35, 36, 37, 38, 39, 40, 41, 42, 43, 44, 45, 46, 47, 48, 49, 50, 51, 52, 53, 54, 55, 56, 57, 58, 59, 60, 61, 62, 63, 64, 65, 66, 67, 68, 69, 70, 71, 72, 73, 74, 75, 76, 77, 78, 79, 80, 81, 82, 83, 84, 85, 86, 87, 88, 89])
uref: min=-21.473550415039064, max=56.80370178222656
temp_capavg.shape = (182, 10)
Nlev = 10, vT.shape = (182, 10), i_feat = 79, X.shape = (182, 90)
evaluated ds_filename /scratch/jf4241/ecmwf_data/era20c_data/2021-11-03/1931-11-01_to_1932-04-30.nc
temp_capavg.shape = (181, 10)
Nlev = 10, vT.shape = (181, 10), i_feat = 79, X.shape = (181, 90)
evaluated ds_filename /scratch/jf4241/ecmwf_data/era20c_data/2021-11-03/1937-11-01_to_1938-04-30.nc
Nfeat = 90
self.fidx_X.values() = dict_values([0, 1, 2, 3, 4, 5, 6, 7, 8, 9, 10, 11, 12, 13, 14, 15, 16, 17, 18, 19, 20, 21, 22, 23, 24, 25, 26, 27, 28, 29, 30, 31, 32, 33, 34, 35, 36, 37, 38, 39, 40, 41, 42, 43, 44, 45, 46, 47, 48, 49, 50, 51, 52, 53, 54, 55, 56, 57, 58, 59, 60, 61, 62, 63, 64, 65, 66, 67, 68, 69, 70, 71, 72, 73, 74, 75, 76, 77, 78, 79, 80, 81, 82, 83, 84, 85, 86, 87, 88, 89])
uref: min=-17.40461120605469, max=70.9213358561198
Nlev = 10, vT.shape = (182, 10), i_feat = 79, X.shape = (182, 90)
evaluated ds_filename /scratch/jf4241/ecmwf_data/era20c_data/2021-11-03/1943-11-01_to_1944-04-30.nc
Nfeat = 90
self.fidx_X.values() = dict_values([0, 1, 2, 3, 4, 5, 6, 7, 8, 9, 10, 11, 12, 13, 14, 15, 16, 17, 18, 19, 20, 21, 22, 23, 24, 25, 26, 27, 28, 29, 30, 31, 32, 33, 34, 35, 36, 37, 38, 39, 40, 41, 42, 43, 44, 45, 46, 47, 48, 49, 50, 51, 52, 53, 54, 55, 56, 57, 58, 59, 60, 61, 62, 63, 64, 65, 66, 67, 68, 69, 70, 71, 72, 73, 74, 75, 76, 77, 78, 79, 80, 81, 82, 83, 84, 85, 86, 87, 88, 89])
uref: min=15.533902994791667, max=70.39837748209635
Nlev = 10, vT.shape = (181, 10), i_feat = 79, X.shape = (181, 90)
temp_capavg.shape = (182, 10)
evaluated ds_filename /scratch/jf4241/ecmwf_data/era20c_data/2021-11-03/1949-11-01_to_1950-04-30.nc
Nfeat = 90
self.fidx_X.values() = dict_values([0, 1, 2, 3, 4, 5, 6, 7, 8, 9, 10, 11, 12, 13, 14, 15, 16, 17, 18, 19, 20, 21, 22, 23, 24, 25, 26, 27, 28, 29, 30, 31, 32, 33, 34, 35, 36, 37, 38, 39, 40, 41, 42, 43, 44, 45, 46, 47, 48, 49, 50, 51, 52, 53, 54, 55, 56, 57, 58, 59, 60, 61, 62, 63, 64, 65, 66, 67, 68, 69, 70, 71, 72, 73, 74, 75, 76, 77, 78, 79, 80, 81, 82, 83, 84, 85, 86, 87, 88, 89])
uref: min=-5.689238484700521, max=48.92847798665365
temp_capavg.shape = (181, 10)
temp_capavg.shape = (181, 10)
Nfeat = 90
self.fidx_X.values() = dict_values([0, 1, 2, 3, 4, 5, 6, 7, 8, 9, 10, 11, 12, 13, 14, 15, 16, 17, 18, 19, 20, 21, 22, 23, 24, 25, 26, 27, 28, 29, 30, 31, 32, 33, 34, 35, 36, 37, 38, 39, 40, 41, 42, 43, 44, 45, 46, 47, 48, 49, 50, 51, 52, 53, 54, 55, 56, 57, 58, 59, 60, 61, 62, 63, 64, 65, 66, 67, 68, 69, 70, 71, 72, 73, 74, 75, 76, 77, 78, 79, 80, 81, 82, 83, 84, 85, 86, 87, 88, 89])
uref: min=-10.26367899576823, max=69.1198496500651
Nlev = 10, vT.shape = (182, 10), i_feat = 79, X.shape = (182, 90)
evaluated ds_filename /scratch/jf4241/ecmwf_data/era20c_data/2021-11-03/1955-11-01_to_1956-04-30.nc
Nfeat = 90
self.fidx_X.values() = dict_values([0, 1, 2, 3, 4, 5, 6, 7, 8, 9, 10, 11, 12, 13, 14, 15, 16, 17, 18, 19, 20, 21, 22, 23, 24, 25, 26, 27, 28, 29, 30, 31, 32, 33, 34, 35, 36, 37, 38, 39, 40, 41, 42, 43, 44, 45, 46, 47, 48, 49, 50, 51, 52, 53, 54, 55, 56, 57, 58, 59, 60, 61, 62, 63, 64, 65, 66, 67, 68, 69, 70, 71, 72, 73, 74, 75, 76, 77, 78, 79, 80, 81, 82, 83, 84, 85, 86, 87, 88, 89])
uref: min=1.0145558675130208, max=56.750370279947916
temp_capavg.shape = (181, 10)
Nlev = 10, vT.shape = (181, 10), i_feat = 79, X.shape = (181, 90)
evaluated ds_filename /scratch/jf4241/ecmwf_data/era20c_data/2021-11-03/1932-11-01_to_1933-04-30.nc
temp_capavg.shape = (181, 10)
Nlev = 10, vT.shape = (181, 10), i_feat = 79, X.shape = (181, 90)
evaluated ds_filename /scratch/jf4241/ecmwf_data/era20c_data/2021-11-03/1938-11-01_to_1939-04-30.nc
Nfeat = 90
self.fidx_X.values() = dict_values([0, 1, 2, 3, 4, 5, 6, 7, 8, 9, 10, 11, 12, 13, 14, 15, 16, 17, 18, 19, 20, 21, 22, 23, 24, 25, 26, 27, 28, 29, 30, 31, 32, 33, 34, 35, 36, 37, 38, 39, 40, 41, 42, 43, 44, 45, 46, 47, 48, 49, 50, 51, 52, 53, 54, 55, 56, 57, 58, 59, 60, 61, 62, 63, 64, 65, 66, 67, 68, 69, 70, 71, 72, 73, 74, 75, 76, 77, 78, 79, 80, 81, 82, 83, 84, 85, 86, 87, 88, 89])
uref: min=-9.37211201985677, max=65.2367930094401
Nlev = 10, vT.shape = (181, 10), i_feat = 79, X.shape = (181, 90)
evaluated ds_filename /scratch/jf4241/ecmwf_data/era20c_data/2021-11-03/1944-11-01_to_1945-04-30.nc
Nfeat = 90
self.fidx_X.values() = dict_values([0, 1, 2, 3, 4, 5, 6, 7, 8, 9, 10, 11, 12, 13, 14, 15, 16, 17, 18, 19, 20, 21, 22, 23, 24, 25, 26, 27, 28, 29, 30, 31, 32, 33, 34, 35, 36, 37, 38, 39, 40, 41, 42, 43, 44, 45, 46, 47, 48, 49, 50, 51, 52, 53, 54, 55, 56, 57, 58, 59, 60, 61, 62, 63, 64, 65, 66, 67, 68, 69, 70, 71, 72, 73, 74, 75, 76, 77, 78, 79, 80, 81, 82, 83, 84, 85, 86, 87, 88, 89])
uref: min=2.2315155029296876, max=75.1312266031901
temp_capavg.shape = (181, 10)
Nlev = 10, vT.shape = (181, 10), i_feat = 79, X.shape = (181, 90)
evaluated ds_filename /scratch/jf4241/ecmwf_data/era20c_data/2021-11-03/1950-11-01_to_1951-04-30.nc
Nfeat = 90
self.fidx_X.values() = dict_values([0, 1, 2, 3, 4, 5, 6, 7, 8, 9, 10, 11, 12, 13, 14, 15, 16, 17, 18, 19, 20, 21, 22, 23, 24, 25, 26, 27, 28, 29, 30, 31, 32, 33, 34, 35, 36, 37, 38, 39, 40, 41, 42, 43, 44, 45, 46, 47, 48, 49, 50, 51, 52, 53, 54, 55, 56, 57, 58, 59, 60, 61, 62, 63, 64, 65, 66, 67, 68, 69, 70, 71, 72, 73, 74, 75, 76, 77, 78, 79, 80, 81, 82, 83, 84, 85, 86, 87, 88, 89])
uref: min=-15.69890645345052, max=59.598626708984376
temp_capavg.shape = (181, 10)
temp_capavg.shape = (182, 10)
Nfeat = 90
self.fidx_X.values() = dict_values([0, 1, 2, 3, 4, 5, 6, 7, 8, 9, 10, 11, 12, 13, 14, 15, 16, 17, 18, 19, 20, 21, 22, 23, 24, 25, 26, 27, 28, 29, 30, 31, 32, 33, 34, 35, 36, 37, 38, 39, 40, 41, 42, 43, 44, 45, 46, 47, 48, 49, 50, 51, 52, 53, 54, 55, 56, 57, 58, 59, 60, 61, 62, 63, 64, 65, 66, 67, 68, 69, 70, 71, 72, 73, 74, 75, 76, 77, 78, 79, 80, 81, 82, 83, 84, 85, 86, 87, 88, 89])
uref: min=-22.145398966471355, max=68.4058329264323
Nlev = 10, vT.shape = (181, 10), i_feat = 79, X.shape = (181, 90)
evaluated ds_filename /scratch/jf4241/ecmwf_data/era20c_data/2021-11-03/1956-11-01_to_1957-04-30.nc
temp_capavg.shape = (181, 10)
Nfeat = 90
self.fidx_X.values() = dict_values([0, 1, 2, 3, 4, 5, 6, 7, 8, 9, 10, 11, 12, 13, 14, 15, 16, 17, 18, 19, 20, 21, 22, 23, 24, 25, 26, 27, 28, 29, 30, 31, 32, 33, 34, 35, 36, 37, 38, 39, 40, 41, 42, 43, 44, 45, 46, 47, 48, 49, 50, 51, 52, 53, 54, 55, 56, 57, 58, 59, 60, 61, 62, 63, 64, 65, 66, 67, 68, 69, 70, 71, 72, 73, 74, 75, 76, 77, 78, 79, 80, 81, 82, 83, 84, 85, 86, 87, 88, 89])
uref: min=-8.183912150065105, max=67.5346181233724
Nlev = 10, vT.shape = (181, 10), i_feat = 79, X.shape = (181, 90)
evaluated ds_filename /scratch/jf4241/ecmwf_data/era20c_data/2021-11-03/1933-11-01_to_1934-04-30.nc
temp_capavg.shape = (182, 10)
Nlev = 10, vT.shape = (182, 10), i_feat = 79, X.shape = (182, 90)
evaluated ds_filename /scratch/jf4241/ecmwf_data/era20c_data/2021-11-03/1939-11-01_to_1940-04-30.nc
Nfeat = 90
self.fidx_X.values() = dict_values([0, 1, 2, 3, 4, 5, 6, 7, 8, 9, 10, 11, 12, 13, 14, 15, 16, 17, 18, 19, 20, 21, 22, 23, 24, 25, 26, 27, 28, 29, 30, 31, 32, 33, 34, 35, 36, 37, 38, 39, 40, 41, 42, 43, 44, 45, 46, 47, 48, 49, 50, 51, 52, 53, 54, 55, 56, 57, 58, 59, 60, 61, 62, 63, 64, 65, 66, 67, 68, 69, 70, 71, 72, 73, 74, 75, 76, 77, 78, 79, 80, 81, 82, 83, 84, 85, 86, 87, 88, 89])
uref: min=-9.563718668619792, max=65.71809285481771
Nlev = 10, vT.shape = (181, 10), i_feat = 79, X.shape = (181, 90)
evaluated ds_filename /scratch/jf4241/ecmwf_data/era20c_data/2021-11-03/1945-11-01_to_1946-04-30.nc
Nfeat = 90
self.fidx_X.values() = dict_values([0, 1, 2, 3, 4, 5, 6, 7, 8, 9, 10, 11, 12, 13, 14, 15, 16, 17, 18, 19, 20, 21, 22, 23, 24, 25, 26, 27, 28, 29, 30, 31, 32, 33, 34, 35, 36, 37, 38, 39, 40, 41, 42, 43, 44, 45, 46, 47, 48, 49, 50, 51, 52, 53, 54, 55, 56, 57, 58, 59, 60, 61, 62, 63, 64, 65, 66, 67, 68, 69, 70, 71, 72, 73, 74, 75, 76, 77, 78, 79, 80, 81, 82, 83, 84, 85, 86, 87, 88, 89])
uref: min=-4.390183512369791, max=63.093040974934894
temp_capavg.shape = (181, 10)
Nlev = 10, vT.shape = (182, 10), i_feat = 79, X.shape = (182, 90)
evaluated ds_filename /scratch/jf4241/ecmwf_data/era20c_data/2021-11-03/1951-11-01_to_1952-04-30.nc
temp_capavg.shape = (181, 10)
Nfeat = 90
self.fidx_X.values() = dict_values([0, 1, 2, 3, 4, 5, 6, 7, 8, 9, 10, 11, 12, 13, 14, 15, 16, 17, 18, 19, 20, 21, 22, 23, 24, 25, 26, 27, 28, 29, 30, 31, 32, 33, 34, 35, 36, 37, 38, 39, 40, 41, 42, 43, 44, 45, 46, 47, 48, 49, 50, 51, 52, 53, 54, 55, 56, 57, 58, 59, 60, 61, 62, 63, 64, 65, 66, 67, 68, 69, 70, 71, 72, 73, 74, 75, 76, 77, 78, 79, 80, 81, 82, 83, 84, 85, 86, 87, 88, 89])
uref: min=-14.67376708984375, max=62.871272786458334
Nfeat = 90
self.fidx_X.values() = dict_values([0, 1, 2, 3, 4, 5, 6, 7, 8, 9, 10, 11, 12, 13, 14, 15, 16, 17, 18, 19, 20, 21, 22, 23, 24, 25, 26, 27, 28, 29, 30, 31, 32, 33, 34, 35, 36, 37, 38, 39, 40, 41, 42, 43, 44, 45, 46, 47, 48, 49, 50, 51, 52, 53, 54, 55, 56, 57, 58, 59, 60, 61, 62, 63, 64, 65, 66, 67, 68, 69, 70, 71, 72, 73, 74, 75, 76, 77, 78, 79, 80, 81, 82, 83, 84, 85, 86, 87, 88, 89])
uref: min=-8.477239990234375, max=66.68450927734375
temp_capavg.shape = (181, 10)
Nlev = 10, vT.shape = (181, 10), i_feat = 79, X.shape = (181, 90)
evaluated ds_filename /scratch/jf4241/ecmwf_data/era20c_data/2021-11-03/1957-11-01_to_1958-04-30.nc
Nfeat = 90
self.fidx_X.values() = dict_values([0, 1, 2, 3, 4, 5, 6, 7, 8, 9, 10, 11, 12, 13, 14, 15, 16, 17, 18, 19, 20, 21, 22, 23, 24, 25, 26, 27, 28, 29, 30, 31, 32, 33, 34, 35, 36, 37, 38, 39, 40, 41, 42, 43, 44, 45, 46, 47, 48, 49, 50, 51, 52, 53, 54, 55, 56, 57, 58, 59, 60, 61, 62, 63, 64, 65, 66, 67, 68, 69, 70, 71, 72, 73, 74, 75, 76, 77, 78, 79, 80, 81, 82, 83, 84, 85, 86, 87, 88, 89])
uref: min=-9.313067626953124, max=39.6865488688151
temp_capavg.shape = (181, 10)
Nlev = 10, vT.shape = (181, 10), i_feat = 79, X.shape = (181, 90)
evaluated ds_filename /scratch/jf4241/ecmwf_data/era20c_data/2021-11-03/1934-11-01_to_1935-04-30.nc
temp_capavg.shape = (181, 10)
Nlev = 10, vT.shape = (181, 10), i_feat = 79, X.shape = (181, 90)
evaluated ds_filename /scratch/jf4241/ecmwf_data/era20c_data/2021-11-03/1940-11-01_to_1941-04-30.nc
Nfeat = 90
self.fidx_X.values() = dict_values([0, 1, 2, 3, 4, 5, 6, 7, 8, 9, 10, 11, 12, 13, 14, 15, 16, 17, 18, 19, 20, 21, 22, 23, 24, 25, 26, 27, 28, 29, 30, 31, 32, 33, 34, 35, 36, 37, 38, 39, 40, 41, 42, 43, 44, 45, 46, 47, 48, 49, 50, 51, 52, 53, 54, 55, 56, 57, 58, 59, 60, 61, 62, 63, 64, 65, 66, 67, 68, 69, 70, 71, 72, 73, 74, 75, 76, 77, 78, 79, 80, 81, 82, 83, 84, 85, 86, 87, 88, 89])
uref: min=-18.2171630859375, max=61.71154581705729
Nlev = 10, vT.shape = (181, 10), i_feat = 79, X.shape = (181, 90)
evaluated ds_filename /scratch/jf4241/ecmwf_data/era20c_data/2021-11-03/1946-11-01_to_1947-04-30.nc
Nfeat = 90
self.fidx_X.values() = dict_values([0, 1, 2, 3, 4, 5, 6, 7, 8, 9, 10, 11, 12, 13, 14, 15, 16, 17, 18, 19, 20, 21, 22, 23, 24, 25, 26, 27, 28, 29, 30, 31, 32, 33, 34, 35, 36, 37, 38, 39, 40, 41, 42, 43, 44, 45, 46, 47, 48, 49, 50, 51, 52, 53, 54, 55, 56, 57, 58, 59, 60, 61, 62, 63, 64, 65, 66, 67, 68, 69, 70, 71, 72, 73, 74, 75, 76, 77, 78, 79, 80, 81, 82, 83, 84, 85, 86, 87, 88, 89])
uref: min=-15.415817260742188, max=53.53366394042969
temp_capavg.shape = (181, 10)
Nlev = 10, vT.shape = (181, 10), i_feat = 79, X.shape = (181, 90)
evaluated ds_filename /scratch/jf4241/ecmwf_data/era20c_data/2021-11-03/1952-11-01_to_1953-04-30.nc
Nfeat = 90
self.fidx_X.values() = dict_values([0, 1, 2, 3, 4, 5, 6, 7, 8, 9, 10, 11, 12, 13, 14, 15, 16, 17, 18, 19, 20, 21, 22, 23, 24, 25, 26, 27, 28, 29, 30, 31, 32, 33, 34, 35, 36, 37, 38, 39, 40, 41, 42, 43, 44, 45, 46, 47, 48, 49, 50, 51, 52, 53, 54, 55, 56, 57, 58, 59, 60, 61, 62, 63, 64, 65, 66, 67, 68, 69, 70, 71, 72, 73, 74, 75, 76, 77, 78, 79, 80, 81, 82, 83, 84, 85, 86, 87, 88, 89])
uref: min=-11.384534708658855, max=50.6663319905599
temp_capavg.shape = (182, 10)
temp_capavg.shape = (181, 10)
Nfeat = 90
self.fidx_X.values() = dict_values([0, 1, 2, 3, 4, 5, 6, 7, 8, 9, 10, 11, 12, 13, 14, 15, 16, 17, 18, 19, 20, 21, 22, 23, 24, 25, 26, 27, 28, 29, 30, 31, 32, 33, 34, 35, 36, 37, 38, 39, 40, 41, 42, 43, 44, 45, 46, 47, 48, 49, 50, 51, 52, 53, 54, 55, 56, 57, 58, 59, 60, 61, 62, 63, 64, 65, 66, 67, 68, 69, 70, 71, 72, 73, 74, 75, 76, 77, 78, 79, 80, 81, 82, 83, 84, 85, 86, 87, 88, 89])
uref: min=-4.951080322265625, max=61.80081278483073
Nlev = 10, vT.shape = (181, 10), i_feat = 79, X.shape = (181, 90)
evaluated ds_filename /scratch/jf4241/ecmwf_data/era20c_data/2021-11-03/1958-11-01_to_1959-04-30.nc
Nfeat = 90
self.fidx_X.values() = dict_values([0, 1, 2, 3, 4, 5, 6, 7, 8, 9, 10, 11, 12, 13, 14, 15, 16, 17, 18, 19, 20, 21, 22, 23, 24, 25, 26, 27, 28, 29, 30, 31, 32, 33, 34, 35, 36, 37, 38, 39, 40, 41, 42, 43, 44, 45, 46, 47, 48, 49, 50, 51, 52, 53, 54, 55, 56, 57, 58, 59, 60, 61, 62, 63, 64, 65, 66, 67, 68, 69, 70, 71, 72, 73, 74, 75, 76, 77, 78, 79, 80, 81, 82, 83, 84, 85, 86, 87, 88, 89])
uref: min=-10.040211995442709, max=50.175497436523436
temp_capavg.shape = (182, 10)
Nlev = 10, vT.shape = (182, 10), i_feat = 79, X.shape = (182, 90)
evaluated ds_filename /scratch/jf4241/ecmwf_data/era20c_data/2021-11-03/1935-11-01_to_1936-04-30.nc
temp_capavg.shape = (181, 10)
Nlev = 10, vT.shape = (181, 10), i_feat = 79, X.shape = (181, 90)
evaluated ds_filename /scratch/jf4241/ecmwf_data/era20c_data/2021-11-03/1941-11-01_to_1942-04-30.nc
Nfeat = 90
self.fidx_X.values() = dict_values([0, 1, 2, 3, 4, 5, 6, 7, 8, 9, 10, 11, 12, 13, 14, 15, 16, 17, 18, 19, 20, 21, 22, 23, 24, 25, 26, 27, 28, 29, 30, 31, 32, 33, 34, 35, 36, 37, 38, 39, 40, 41, 42, 43, 44, 45, 46, 47, 48, 49, 50, 51, 52, 53, 54, 55, 56, 57, 58, 59, 60, 61, 62, 63, 64, 65, 66, 67, 68, 69, 70, 71, 72, 73, 74, 75, 76, 77, 78, 79, 80, 81, 82, 83, 84, 85, 86, 87, 88, 89])
uref: min=-10.135807291666667, max=41.86700948079427
Nlev = 10, vT.shape = (182, 10), i_feat = 79, X.shape = (182, 90)
evaluated ds_filename /scratch/jf4241/ecmwf_data/era20c_data/2021-11-03/1947-11-01_to_1948-04-30.nc
temp_capavg.shape = (182, 10)
Nlev = 10, vT.shape = (181, 10), i_feat = 79, X.shape = (181, 90)
evaluated ds_filename /scratch/jf4241/ecmwf_data/era20c_data/2021-11-03/1953-11-01_to_1954-04-30.nc
Nfeat = 90
self.fidx_X.values() = dict_values([0, 1, 2, 3, 4, 5, 6, 7, 8, 9, 10, 11, 12, 13, 14, 15, 16, 17, 18, 19, 20, 21, 22, 23, 24, 25, 26, 27, 28, 29, 30, 31, 32, 33, 34, 35, 36, 37, 38, 39, 40, 41, 42, 43, 44, 45, 46, 47, 48, 49, 50, 51, 52, 53, 54, 55, 56, 57, 58, 59, 60, 61, 62, 63, 64, 65, 66, 67, 68, 69, 70, 71, 72, 73, 74, 75, 76, 77, 78, 79, 80, 81, 82, 83, 84, 85, 86, 87, 88, 89])
uref: min=-17.556301879882813, max=46.409507242838544
temp_capavg.shape = (181, 10)
Nfeat = 90
self.fidx_X.values() = dict_values([0, 1, 2, 3, 4, 5, 6, 7, 8, 9, 10, 11, 12, 13, 14, 15, 16, 17, 18, 19, 20, 21, 22, 23, 24, 25, 26, 27, 28, 29, 30, 31, 32, 33, 34, 35, 36, 37, 38, 39, 40, 41, 42, 43, 44, 45, 46, 47, 48, 49, 50, 51, 52, 53, 54, 55, 56, 57, 58, 59, 60, 61, 62, 63, 64, 65, 66, 67, 68, 69, 70, 71, 72, 73, 74, 75, 76, 77, 78, 79, 80, 81, 82, 83, 84, 85, 86, 87, 88, 89])
uref: min=-16.189346313476562, max=40.401014200846355
Nlev = 10, vT.shape = (182, 10), i_feat = 79, X.shape = (182, 90)
evaluated ds_filename /scratch/jf4241/ecmwf_data/era20c_data/2021-11-03/1959-11-01_to_1960-04-30.nc
Nfeat = 90
self.fidx_X.values() = dict_values([0, 1, 2, 3, 4, 5, 6, 7, 8, 9, 10, 11, 12, 13, 14, 15, 16, 17, 18, 19, 20, 21, 22, 23, 24, 25, 26, 27, 28, 29, 30, 31, 32, 33, 34, 35, 36, 37, 38, 39, 40, 41, 42, 43, 44, 45, 46, 47, 48, 49, 50, 51, 52, 53, 54, 55, 56, 57, 58, 59, 60, 61, 62, 63, 64, 65, 66, 67, 68, 69, 70, 71, 72, 73, 74, 75, 76, 77, 78, 79, 80, 81, 82, 83, 84, 85, 86, 87, 88, 89])
uref: min=-23.852918497721355, max=66.10665079752604
temp_capavg.shape = (181, 10)
Nfeat = 90
self.fidx_X.values() = dict_values([0, 1, 2, 3, 4, 5, 6, 7, 8, 9, 10, 11, 12, 13, 14, 15, 16, 17, 18, 19, 20, 21, 22, 23, 24, 25, 26, 27, 28, 29, 30, 31, 32, 33, 34, 35, 36, 37, 38, 39, 40, 41, 42, 43, 44, 45, 46, 47, 48, 49, 50, 51, 52, 53, 54, 55, 56, 57, 58, 59, 60, 61, 62, 63, 64, 65, 66, 67, 68, 69, 70, 71, 72, 73, 74, 75, 76, 77, 78, 79, 80, 81, 82, 83, 84, 85, 86, 87, 88, 89])
uref: min=-17.828889973958333, max=56.380774943033856
Nlev = 10, vT.shape = (181, 10), i_feat = 79, X.shape = (181, 90)
evaluated ds_filename /scratch/jf4241/ecmwf_data/era20c_data/2021-11-03/1960-11-01_to_1961-04-30.nc
temp_capavg.shape = (181, 10)
temp_capavg.shape = (181, 10)
Nlev = 10, vT.shape = (181, 10), i_feat = 79, X.shape = (181, 90)
evaluated ds_filename /scratch/jf4241/ecmwf_data/era20c_data/2021-11-03/1966-11-01_to_1967-04-30.nc
Nfeat = 90
self.fidx_X.values() = dict_values([0, 1, 2, 3, 4, 5, 6, 7, 8, 9, 10, 11, 12, 13, 14, 15, 16, 17, 18, 19, 20, 21, 22, 23, 24, 25, 26, 27, 28, 29, 30, 31, 32, 33, 34, 35, 36, 37, 38, 39, 40, 41, 42, 43, 44, 45, 46, 47, 48, 49, 50, 51, 52, 53, 54, 55, 56, 57, 58, 59, 60, 61, 62, 63, 64, 65, 66, 67, 68, 69, 70, 71, 72, 73, 74, 75, 76, 77, 78, 79, 80, 81, 82, 83, 84, 85, 86, 87, 88, 89])
uref: min=-10.080169677734375, max=46.16173299153646
Nlev = 10, vT.shape = (181, 10), i_feat = 79, X.shape = (181, 90)
evaluated ds_filename /scratch/jf4241/ecmwf_data/era20c_data/2021-11-03/1972-11-01_to_1973-04-30.nc
Nfeat = 90
self.fidx_X.values() = dict_values([0, 1, 2, 3, 4, 5, 6, 7, 8, 9, 10, 11, 12, 13, 14, 15, 16, 17, 18, 19, 20, 21, 22, 23, 24, 25, 26, 27, 28, 29, 30, 31, 32, 33, 34, 35, 36, 37, 38, 39, 40, 41, 42, 43, 44, 45, 46, 47, 48, 49, 50, 51, 52, 53, 54, 55, 56, 57, 58, 59, 60, 61, 62, 63, 64, 65, 66, 67, 68, 69, 70, 71, 72, 73, 74, 75, 76, 77, 78, 79, 80, 81, 82, 83, 84, 85, 86, 87, 88, 89])
uref: min=-5.028570556640625, max=69.6191396077474
temp_capavg.shape = (181, 10)
Nlev = 10, vT.shape = (181, 10), i_feat = 79, X.shape = (181, 90)
evaluated ds_filename /scratch/jf4241/ecmwf_data/era20c_data/2021-11-03/1978-11-01_to_1979-04-30.nc
temp_capavg.shape = (181, 10)
Nfeat = 90
self.fidx_X.values() = dict_values([0, 1, 2, 3, 4, 5, 6, 7, 8, 9, 10, 11, 12, 13, 14, 15, 16, 17, 18, 19, 20, 21, 22, 23, 24, 25, 26, 27, 28, 29, 30, 31, 32, 33, 34, 35, 36, 37, 38, 39, 40, 41, 42, 43, 44, 45, 46, 47, 48, 49, 50, 51, 52, 53, 54, 55, 56, 57, 58, 59, 60, 61, 62, 63, 64, 65, 66, 67, 68, 69, 70, 71, 72, 73, 74, 75, 76, 77, 78, 79, 80, 81, 82, 83, 84, 85, 86, 87, 88, 89])
uref: min=-11.5077392578125, max=61.266552734375
Nfeat = 90
self.fidx_X.values() = dict_values([0, 1, 2, 3, 4, 5, 6, 7, 8, 9, 10, 11, 12, 13, 14, 15, 16, 17, 18, 19, 20, 21, 22, 23, 24, 25, 26, 27, 28, 29, 30, 31, 32, 33, 34, 35, 36, 37, 38, 39, 40, 41, 42, 43, 44, 45, 46, 47, 48, 49, 50, 51, 52, 53, 54, 55, 56, 57, 58, 59, 60, 61, 62, 63, 64, 65, 66, 67, 68, 69, 70, 71, 72, 73, 74, 75, 76, 77, 78, 79, 80, 81, 82, 83, 84, 85, 86, 87, 88, 89])
uref: min=-19.07829081217448, max=59.72674051920573
temp_capavg.shape = (182, 10)
Nlev = 10, vT.shape = (181, 10), i_feat = 79, X.shape = (181, 90)
evaluated ds_filename /scratch/jf4241/ecmwf_data/era20c_data/2021-11-03/1984-11-01_to_1985-04-30.nc
Nlev = 10, vT.shape = (181, 10), i_feat = 79, X.shape = (181, 90)
evaluated ds_filename /scratch/jf4241/ecmwf_data/era20c_data/2021-11-03/1961-11-01_to_1962-04-30.nc
temp_capavg.shape = (181, 10)
Nfeat = 90
self.fidx_X.values() = dict_values([0, 1, 2, 3, 4, 5, 6, 7, 8, 9, 10, 11, 12, 13, 14, 15, 16, 17, 18, 19, 20, 21, 22, 23, 24, 25, 26, 27, 28, 29, 30, 31, 32, 33, 34, 35, 36, 37, 38, 39, 40, 41, 42, 43, 44, 45, 46, 47, 48, 49, 50, 51, 52, 53, 54, 55, 56, 57, 58, 59, 60, 61, 62, 63, 64, 65, 66, 67, 68, 69, 70, 71, 72, 73, 74, 75, 76, 77, 78, 79, 80, 81, 82, 83, 84, 85, 86, 87, 88, 89])
uref: min=-14.980077107747396, max=59.222571818033856
temp_capavg.shape = (182, 10)
Nlev = 10, vT.shape = (182, 10), i_feat = 79, X.shape = (182, 90)
evaluated ds_filename /scratch/jf4241/ecmwf_data/era20c_data/2021-11-03/1967-11-01_to_1968-04-30.nc
Nfeat = 90
self.fidx_X.values() = dict_values([0, 1, 2, 3, 4, 5, 6, 7, 8, 9, 10, 11, 12, 13, 14, 15, 16, 17, 18, 19, 20, 21, 22, 23, 24, 25, 26, 27, 28, 29, 30, 31, 32, 33, 34, 35, 36, 37, 38, 39, 40, 41, 42, 43, 44, 45, 46, 47, 48, 49, 50, 51, 52, 53, 54, 55, 56, 57, 58, 59, 60, 61, 62, 63, 64, 65, 66, 67, 68, 69, 70, 71, 72, 73, 74, 75, 76, 77, 78, 79, 80, 81, 82, 83, 84, 85, 86, 87, 88, 89])
uref: min=-22.595901489257812, max=55.56248270670573
Nlev = 10, vT.shape = (181, 10), i_feat = 79, X.shape = (181, 90)
evaluated ds_filename /scratch/jf4241/ecmwf_data/era20c_data/2021-11-03/1973-11-01_to_1974-04-30.nc
Nfeat = 90
self.fidx_X.values() = dict_values([0, 1, 2, 3, 4, 5, 6, 7, 8, 9, 10, 11, 12, 13, 14, 15, 16, 17, 18, 19, 20, 21, 22, 23, 24, 25, 26, 27, 28, 29, 30, 31, 32, 33, 34, 35, 36, 37, 38, 39, 40, 41, 42, 43, 44, 45, 46, 47, 48, 49, 50, 51, 52, 53, 54, 55, 56, 57, 58, 59, 60, 61, 62, 63, 64, 65, 66, 67, 68, 69, 70, 71, 72, 73, 74, 75, 76, 77, 78, 79, 80, 81, 82, 83, 84, 85, 86, 87, 88, 89])
uref: min=-3.58056640625, max=63.60427754720052
temp_capavg.shape = (181, 10)
Nlev = 10, vT.shape = (182, 10), i_feat = 79, X.shape = (182, 90)
evaluated ds_filename /scratch/jf4241/ecmwf_data/era20c_data/2021-11-03/1979-11-01_to_1980-04-30.nc
temp_capavg.shape = (181, 10)
Nfeat = 90
self.fidx_X.values() = dict_values([0, 1, 2, 3, 4, 5, 6, 7, 8, 9, 10, 11, 12, 13, 14, 15, 16, 17, 18, 19, 20, 21, 22, 23, 24, 25, 26, 27, 28, 29, 30, 31, 32, 33, 34, 35, 36, 37, 38, 39, 40, 41, 42, 43, 44, 45, 46, 47, 48, 49, 50, 51, 52, 53, 54, 55, 56, 57, 58, 59, 60, 61, 62, 63, 64, 65, 66, 67, 68, 69, 70, 71, 72, 73, 74, 75, 76, 77, 78, 79, 80, 81, 82, 83, 84, 85, 86, 87, 88, 89])
uref: min=-6.046965535481771, max=55.072821044921874
Nfeat = 90
self.fidx_X.values() = dict_values([0, 1, 2, 3, 4, 5, 6, 7, 8, 9, 10, 11, 12, 13, 14, 15, 16, 17, 18, 19, 20, 21, 22, 23, 24, 25, 26, 27, 28, 29, 30, 31, 32, 33, 34, 35, 36, 37, 38, 39, 40, 41, 42, 43, 44, 45, 46, 47, 48, 49, 50, 51, 52, 53, 54, 55, 56, 57, 58, 59, 60, 61, 62, 63, 64, 65, 66, 67, 68, 69, 70, 71, 72, 73, 74, 75, 76, 77, 78, 79, 80, 81, 82, 83, 84, 85, 86, 87, 88, 89])
uref: min=-12.875987752278645, max=67.36793009440105
temp_capavg.shape = (181, 10)
Nlev = 10, vT.shape = (181, 10), i_feat = 79, X.shape = (181, 90)
evaluated ds_filename /scratch/jf4241/ecmwf_data/era20c_data/2021-11-03/1985-11-01_to_1986-04-30.nc
Nlev = 10, vT.shape = (181, 10), i_feat = 79, X.shape = (181, 90)
evaluated ds_filename /scratch/jf4241/ecmwf_data/era20c_data/2021-11-03/1962-11-01_to_1963-04-30.nc
temp_capavg.shape = (181, 10)
Nfeat = 90
self.fidx_X.values() = dict_values([0, 1, 2, 3, 4, 5, 6, 7, 8, 9, 10, 11, 12, 13, 14, 15, 16, 17, 18, 19, 20, 21, 22, 23, 24, 25, 26, 27, 28, 29, 30, 31, 32, 33, 34, 35, 36, 37, 38, 39, 40, 41, 42, 43, 44, 45, 46, 47, 48, 49, 50, 51, 52, 53, 54, 55, 56, 57, 58, 59, 60, 61, 62, 63, 64, 65, 66, 67, 68, 69, 70, 71, 72, 73, 74, 75, 76, 77, 78, 79, 80, 81, 82, 83, 84, 85, 86, 87, 88, 89])
uref: min=-8.419359334309895, max=69.1447021484375
temp_capavg.shape = (181, 10)
Nlev = 10, vT.shape = (181, 10), i_feat = 79, X.shape = (181, 90)
evaluated ds_filename /scratch/jf4241/ecmwf_data/era20c_data/2021-11-03/1968-11-01_to_1969-04-30.nc
Nfeat = 90
self.fidx_X.values() = dict_values([0, 1, 2, 3, 4, 5, 6, 7, 8, 9, 10, 11, 12, 13, 14, 15, 16, 17, 18, 19, 20, 21, 22, 23, 24, 25, 26, 27, 28, 29, 30, 31, 32, 33, 34, 35, 36, 37, 38, 39, 40, 41, 42, 43, 44, 45, 46, 47, 48, 49, 50, 51, 52, 53, 54, 55, 56, 57, 58, 59, 60, 61, 62, 63, 64, 65, 66, 67, 68, 69, 70, 71, 72, 73, 74, 75, 76, 77, 78, 79, 80, 81, 82, 83, 84, 85, 86, 87, 88, 89])
uref: min=-11.46952412923177, max=66.11197509765626
Nlev = 10, vT.shape = (181, 10), i_feat = 79, X.shape = (181, 90)
evaluated ds_filename /scratch/jf4241/ecmwf_data/era20c_data/2021-11-03/1974-11-01_to_1975-04-30.nc
Nfeat = 90
self.fidx_X.values() = dict_values([0, 1, 2, 3, 4, 5, 6, 7, 8, 9, 10, 11, 12, 13, 14, 15, 16, 17, 18, 19, 20, 21, 22, 23, 24, 25, 26, 27, 28, 29, 30, 31, 32, 33, 34, 35, 36, 37, 38, 39, 40, 41, 42, 43, 44, 45, 46, 47, 48, 49, 50, 51, 52, 53, 54, 55, 56, 57, 58, 59, 60, 61, 62, 63, 64, 65, 66, 67, 68, 69, 70, 71, 72, 73, 74, 75, 76, 77, 78, 79, 80, 81, 82, 83, 84, 85, 86, 87, 88, 89])
uref: min=-20.65897928873698, max=58.68000284830729
temp_capavg.shape = (181, 10)
Nlev = 10, vT.shape = (181, 10), i_feat = 79, X.shape = (181, 90)
evaluated ds_filename /scratch/jf4241/ecmwf_data/era20c_data/2021-11-03/1980-11-01_to_1981-04-30.nc
temp_capavg.shape = (182, 10)
Nfeat = 90
self.fidx_X.values() = dict_values([0, 1, 2, 3, 4, 5, 6, 7, 8, 9, 10, 11, 12, 13, 14, 15, 16, 17, 18, 19, 20, 21, 22, 23, 24, 25, 26, 27, 28, 29, 30, 31, 32, 33, 34, 35, 36, 37, 38, 39, 40, 41, 42, 43, 44, 45, 46, 47, 48, 49, 50, 51, 52, 53, 54, 55, 56, 57, 58, 59, 60, 61, 62, 63, 64, 65, 66, 67, 68, 69, 70, 71, 72, 73, 74, 75, 76, 77, 78, 79, 80, 81, 82, 83, 84, 85, 86, 87, 88, 89])
uref: min=-17.890068562825522, max=42.28170572916667
Nfeat = 90
self.fidx_X.values() = dict_values([0, 1, 2, 3, 4, 5, 6, 7, 8, 9, 10, 11, 12, 13, 14, 15, 16, 17, 18, 19, 20, 21, 22, 23, 24, 25, 26, 27, 28, 29, 30, 31, 32, 33, 34, 35, 36, 37, 38, 39, 40, 41, 42, 43, 44, 45, 46, 47, 48, 49, 50, 51, 52, 53, 54, 55, 56, 57, 58, 59, 60, 61, 62, 63, 64, 65, 66, 67, 68, 69, 70, 71, 72, 73, 74, 75, 76, 77, 78, 79, 80, 81, 82, 83, 84, 85, 86, 87, 88, 89])
uref: min=-15.395939127604167, max=67.65717163085938
temp_capavg.shape = (181, 10)
Nlev = 10, vT.shape = (181, 10), i_feat = 79, X.shape = (181, 90)
evaluated ds_filename /scratch/jf4241/ecmwf_data/era20c_data/2021-11-03/1986-11-01_to_1987-04-30.nc
Nlev = 10, vT.shape = (182, 10), i_feat = 79, X.shape = (182, 90)
evaluated ds_filename /scratch/jf4241/ecmwf_data/era20c_data/2021-11-03/1963-11-01_to_1964-04-30.nc
temp_capavg.shape = (182, 10)
Nfeat = 90
self.fidx_X.values() = dict_values([0, 1, 2, 3, 4, 5, 6, 7, 8, 9, 10, 11, 12, 13, 14, 15, 16, 17, 18, 19, 20, 21, 22, 23, 24, 25, 26, 27, 28, 29, 30, 31, 32, 33, 34, 35, 36, 37, 38, 39, 40, 41, 42, 43, 44, 45, 46, 47, 48, 49, 50, 51, 52, 53, 54, 55, 56, 57, 58, 59, 60, 61, 62, 63, 64, 65, 66, 67, 68, 69, 70, 71, 72, 73, 74, 75, 76, 77, 78, 79, 80, 81, 82, 83, 84, 85, 86, 87, 88, 89])
uref: min=-14.765372721354167, max=52.02415364583333
temp_capavg.shape = (181, 10)
Nlev = 10, vT.shape = (181, 10), i_feat = 79, X.shape = (181, 90)
evaluated ds_filename /scratch/jf4241/ecmwf_data/era20c_data/2021-11-03/1969-11-01_to_1970-04-30.nc
Nfeat = 90
self.fidx_X.values() = dict_values([0, 1, 2, 3, 4, 5, 6, 7, 8, 9, 10, 11, 12, 13, 14, 15, 16, 17, 18, 19, 20, 21, 22, 23, 24, 25, 26, 27, 28, 29, 30, 31, 32, 33, 34, 35, 36, 37, 38, 39, 40, 41, 42, 43, 44, 45, 46, 47, 48, 49, 50, 51, 52, 53, 54, 55, 56, 57, 58, 59, 60, 61, 62, 63, 64, 65, 66, 67, 68, 69, 70, 71, 72, 73, 74, 75, 76, 77, 78, 79, 80, 81, 82, 83, 84, 85, 86, 87, 88, 89])
uref: min=-23.943422444661458, max=59.26400349934896
Nlev = 10, vT.shape = (182, 10), i_feat = 79, X.shape = (182, 90)
evaluated ds_filename /scratch/jf4241/ecmwf_data/era20c_data/2021-11-03/1975-11-01_to_1976-04-30.nc
Nfeat = 90
self.fidx_X.values() = dict_values([0, 1, 2, 3, 4, 5, 6, 7, 8, 9, 10, 11, 12, 13, 14, 15, 16, 17, 18, 19, 20, 21, 22, 23, 24, 25, 26, 27, 28, 29, 30, 31, 32, 33, 34, 35, 36, 37, 38, 39, 40, 41, 42, 43, 44, 45, 46, 47, 48, 49, 50, 51, 52, 53, 54, 55, 56, 57, 58, 59, 60, 61, 62, 63, 64, 65, 66, 67, 68, 69, 70, 71, 72, 73, 74, 75, 76, 77, 78, 79, 80, 81, 82, 83, 84, 85, 86, 87, 88, 89])
uref: min=-8.990622965494792, max=61.6349375406901
temp_capavg.shape = (182, 10)
Nlev = 10, vT.shape = (181, 10), i_feat = 79, X.shape = (181, 90)
evaluated ds_filename /scratch/jf4241/ecmwf_data/era20c_data/2021-11-03/1981-11-01_to_1982-04-30.nc
temp_capavg.shape = (181, 10)
Nfeat = 90
self.fidx_X.values() = dict_values([0, 1, 2, 3, 4, 5, 6, 7, 8, 9, 10, 11, 12, 13, 14, 15, 16, 17, 18, 19, 20, 21, 22, 23, 24, 25, 26, 27, 28, 29, 30, 31, 32, 33, 34, 35, 36, 37, 38, 39, 40, 41, 42, 43, 44, 45, 46, 47, 48, 49, 50, 51, 52, 53, 54, 55, 56, 57, 58, 59, 60, 61, 62, 63, 64, 65, 66, 67, 68, 69, 70, 71, 72, 73, 74, 75, 76, 77, 78, 79, 80, 81, 82, 83, 84, 85, 86, 87, 88, 89])
uref: min=-19.294998168945312, max=57.949422200520836
temp_capavg.shape = (181, 10)
Nfeat = 90
self.fidx_X.values() = dict_values([0, 1, 2, 3, 4, 5, 6, 7, 8, 9, 10, 11, 12, 13, 14, 15, 16, 17, 18, 19, 20, 21, 22, 23, 24, 25, 26, 27, 28, 29, 30, 31, 32, 33, 34, 35, 36, 37, 38, 39, 40, 41, 42, 43, 44, 45, 46, 47, 48, 49, 50, 51, 52, 53, 54, 55, 56, 57, 58, 59, 60, 61, 62, 63, 64, 65, 66, 67, 68, 69, 70, 71, 72, 73, 74, 75, 76, 77, 78, 79, 80, 81, 82, 83, 84, 85, 86, 87, 88, 89])
uref: min=-13.874325561523438, max=48.33934427897135
Nlev = 10, vT.shape = (182, 10), i_feat = 79, X.shape = (182, 90)
evaluated ds_filename /scratch/jf4241/ecmwf_data/era20c_data/2021-11-03/1987-11-01_to_1988-04-30.nc
temp_capavg.shape = (181, 10)
Nlev = 10, vT.shape = (181, 10), i_feat = 79, X.shape = (181, 90)
evaluated ds_filename /scratch/jf4241/ecmwf_data/era20c_data/2021-11-03/1964-11-01_to_1965-04-30.nc
Nfeat = 90
self.fidx_X.values() = dict_values([0, 1, 2, 3, 4, 5, 6, 7, 8, 9, 10, 11, 12, 13, 14, 15, 16, 17, 18, 19, 20, 21, 22, 23, 24, 25, 26, 27, 28, 29, 30, 31, 32, 33, 34, 35, 36, 37, 38, 39, 40, 41, 42, 43, 44, 45, 46, 47, 48, 49, 50, 51, 52, 53, 54, 55, 56, 57, 58, 59, 60, 61, 62, 63, 64, 65, 66, 67, 68, 69, 70, 71, 72, 73, 74, 75, 76, 77, 78, 79, 80, 81, 82, 83, 84, 85, 86, 87, 88, 89])
uref: min=-9.432112630208334, max=68.97298482259114
temp_capavg.shape = (181, 10)
Nlev = 10, vT.shape = (181, 10), i_feat = 79, X.shape = (181, 90)
evaluated ds_filename /scratch/jf4241/ecmwf_data/era20c_data/2021-11-03/1970-11-01_to_1971-04-30.nc
Nfeat = 90
self.fidx_X.values() = dict_values([0, 1, 2, 3, 4, 5, 6, 7, 8, 9, 10, 11, 12, 13, 14, 15, 16, 17, 18, 19, 20, 21, 22, 23, 24, 25, 26, 27, 28, 29, 30, 31, 32, 33, 34, 35, 36, 37, 38, 39, 40, 41, 42, 43, 44, 45, 46, 47, 48, 49, 50, 51, 52, 53, 54, 55, 56, 57, 58, 59, 60, 61, 62, 63, 64, 65, 66, 67, 68, 69, 70, 71, 72, 73, 74, 75, 76, 77, 78, 79, 80, 81, 82, 83, 84, 85, 86, 87, 88, 89])
uref: min=-12.106826782226562, max=71.64163309733073
Nlev = 10, vT.shape = (181, 10), i_feat = 79, X.shape = (181, 90)
evaluated ds_filename /scratch/jf4241/ecmwf_data/era20c_data/2021-11-03/1976-11-01_to_1977-04-30.nc
Nfeat = 90
self.fidx_X.values() = dict_values([0, 1, 2, 3, 4, 5, 6, 7, 8, 9, 10, 11, 12, 13, 14, 15, 16, 17, 18, 19, 20, 21, 22, 23, 24, 25, 26, 27, 28, 29, 30, 31, 32, 33, 34, 35, 36, 37, 38, 39, 40, 41, 42, 43, 44, 45, 46, 47, 48, 49, 50, 51, 52, 53, 54, 55, 56, 57, 58, 59, 60, 61, 62, 63, 64, 65, 66, 67, 68, 69, 70, 71, 72, 73, 74, 75, 76, 77, 78, 79, 80, 81, 82, 83, 84, 85, 86, 87, 88, 89])
uref: min=-13.961324055989584, max=39.918096923828124
temp_capavg.shape = (181, 10)
Nlev = 10, vT.shape = (181, 10), i_feat = 79, X.shape = (181, 90)
evaluated ds_filename /scratch/jf4241/ecmwf_data/era20c_data/2021-11-03/1982-11-01_to_1983-04-30.nc
temp_capavg.shape = (181, 10)
Nfeat = 90
self.fidx_X.values() = dict_values([0, 1, 2, 3, 4, 5, 6, 7, 8, 9, 10, 11, 12, 13, 14, 15, 16, 17, 18, 19, 20, 21, 22, 23, 24, 25, 26, 27, 28, 29, 30, 31, 32, 33, 34, 35, 36, 37, 38, 39, 40, 41, 42, 43, 44, 45, 46, 47, 48, 49, 50, 51, 52, 53, 54, 55, 56, 57, 58, 59, 60, 61, 62, 63, 64, 65, 66, 67, 68, 69, 70, 71, 72, 73, 74, 75, 76, 77, 78, 79, 80, 81, 82, 83, 84, 85, 86, 87, 88, 89])
uref: min=-17.06696472167969, max=64.4305633544922
Nfeat = 90
self.fidx_X.values() = dict_values([0, 1, 2, 3, 4, 5, 6, 7, 8, 9, 10, 11, 12, 13, 14, 15, 16, 17, 18, 19, 20, 21, 22, 23, 24, 25, 26, 27, 28, 29, 30, 31, 32, 33, 34, 35, 36, 37, 38, 39, 40, 41, 42, 43, 44, 45, 46, 47, 48, 49, 50, 51, 52, 53, 54, 55, 56, 57, 58, 59, 60, 61, 62, 63, 64, 65, 66, 67, 68, 69, 70, 71, 72, 73, 74, 75, 76, 77, 78, 79, 80, 81, 82, 83, 84, 85, 86, 87, 88, 89])
uref: min=-14.942922973632813, max=60.21156412760417
temp_capavg.shape = (182, 10)
Nlev = 10, vT.shape = (181, 10), i_feat = 79, X.shape = (181, 90)
evaluated ds_filename /scratch/jf4241/ecmwf_data/era20c_data/2021-11-03/1988-11-01_to_1989-04-30.nc
Nlev = 10, vT.shape = (181, 10), i_feat = 79, X.shape = (181, 90)
evaluated ds_filename /scratch/jf4241/ecmwf_data/era20c_data/2021-11-03/1965-11-01_to_1966-04-30.nc
temp_capavg.shape = (181, 10)
Nfeat = 90
self.fidx_X.values() = dict_values([0, 1, 2, 3, 4, 5, 6, 7, 8, 9, 10, 11, 12, 13, 14, 15, 16, 17, 18, 19, 20, 21, 22, 23, 24, 25, 26, 27, 28, 29, 30, 31, 32, 33, 34, 35, 36, 37, 38, 39, 40, 41, 42, 43, 44, 45, 46, 47, 48, 49, 50, 51, 52, 53, 54, 55, 56, 57, 58, 59, 60, 61, 62, 63, 64, 65, 66, 67, 68, 69, 70, 71, 72, 73, 74, 75, 76, 77, 78, 79, 80, 81, 82, 83, 84, 85, 86, 87, 88, 89])
uref: min=-8.102840169270833, max=66.99068196614583
temp_capavg.shape = (182, 10)
Nlev = 10, vT.shape = (182, 10), i_feat = 79, X.shape = (182, 90)
evaluated ds_filename /scratch/jf4241/ecmwf_data/era20c_data/2021-11-03/1971-11-01_to_1972-04-30.nc
Nfeat = 90
self.fidx_X.values() = dict_values([0, 1, 2, 3, 4, 5, 6, 7, 8, 9, 10, 11, 12, 13, 14, 15, 16, 17, 18, 19, 20, 21, 22, 23, 24, 25, 26, 27, 28, 29, 30, 31, 32, 33, 34, 35, 36, 37, 38, 39, 40, 41, 42, 43, 44, 45, 46, 47, 48, 49, 50, 51, 52, 53, 54, 55, 56, 57, 58, 59, 60, 61, 62, 63, 64, 65, 66, 67, 68, 69, 70, 71, 72, 73, 74, 75, 76, 77, 78, 79, 80, 81, 82, 83, 84, 85, 86, 87, 88, 89])
uref: min=-1.4409942626953125, max=60.74298095703125
Nlev = 10, vT.shape = (181, 10), i_feat = 79, X.shape = (181, 90)
evaluated ds_filename /scratch/jf4241/ecmwf_data/era20c_data/2021-11-03/1977-11-01_to_1978-04-30.nc
temp_capavg.shape = (181, 10)
Nlev = 10, vT.shape = (182, 10), i_feat = 79, X.shape = (182, 90)
evaluated ds_filename /scratch/jf4241/ecmwf_data/era20c_data/2021-11-03/1983-11-01_to_1984-04-30.nc
Nfeat = 90
self.fidx_X.values() = dict_values([0, 1, 2, 3, 4, 5, 6, 7, 8, 9, 10, 11, 12, 13, 14, 15, 16, 17, 18, 19, 20, 21, 22, 23, 24, 25, 26, 27, 28, 29, 30, 31, 32, 33, 34, 35, 36, 37, 38, 39, 40, 41, 42, 43, 44, 45, 46, 47, 48, 49, 50, 51, 52, 53, 54, 55, 56, 57, 58, 59, 60, 61, 62, 63, 64, 65, 66, 67, 68, 69, 70, 71, 72, 73, 74, 75, 76, 77, 78, 79, 80, 81, 82, 83, 84, 85, 86, 87, 88, 89])
uref: min=-11.66627705891927, max=57.102579752604164
temp_capavg.shape = (181, 10)
Nfeat = 90
self.fidx_X.values() = dict_values([0, 1, 2, 3, 4, 5, 6, 7, 8, 9, 10, 11, 12, 13, 14, 15, 16, 17, 18, 19, 20, 21, 22, 23, 24, 25, 26, 27, 28, 29, 30, 31, 32, 33, 34, 35, 36, 37, 38, 39, 40, 41, 42, 43, 44, 45, 46, 47, 48, 49, 50, 51, 52, 53, 54, 55, 56, 57, 58, 59, 60, 61, 62, 63, 64, 65, 66, 67, 68, 69, 70, 71, 72, 73, 74, 75, 76, 77, 78, 79, 80, 81, 82, 83, 84, 85, 86, 87, 88, 89])
uref: min=-5.7383677164713545, max=48.95316060384115
Nlev = 10, vT.shape = (181, 10), i_feat = 79, X.shape = (181, 90)
evaluated ds_filename /scratch/jf4241/ecmwf_data/era20c_data/2021-11-03/1989-11-01_to_1990-04-30.nc
temp_capavg.shape = (181, 10)
Nfeat = 90
self.fidx_X.values() = dict_values([0, 1, 2, 3, 4, 5, 6, 7, 8, 9, 10, 11, 12, 13, 14, 15, 16, 17, 18, 19, 20, 21, 22, 23, 24, 25, 26, 27, 28, 29, 30, 31, 32, 33, 34, 35, 36, 37, 38, 39, 40, 41, 42, 43, 44, 45, 46, 47, 48, 49, 50, 51, 52, 53, 54, 55, 56, 57, 58, 59, 60, 61, 62, 63, 64, 65, 66, 67, 68, 69, 70, 71, 72, 73, 74, 75, 76, 77, 78, 79, 80, 81, 82, 83, 84, 85, 86, 87, 88, 89])
uref: min=-19.3568603515625, max=38.953232828776045
Nlev = 10, vT.shape = (181, 10), i_feat = 79, X.shape = (181, 90)
evaluated ds_filename /scratch/jf4241/ecmwf_data/era20c_data/2021-11-03/1990-11-01_to_1991-04-30.nc
temp_capavg.shape = (181, 10)
Nlev = 10, vT.shape = (181, 10), i_feat = 79, X.shape = (181, 90)
evaluated ds_filename /scratch/jf4241/ecmwf_data/era20c_data/2021-11-03/1996-11-01_to_1997-04-30.nc
Nlev = 10, vT.shape = (181, 10), i_feat = 79, X.shape = (181, 90)
evaluated ds_filename /scratch/jf4241/ecmwf_data/era20c_data/2021-11-03/2002-11-01_to_2003-04-30.nc
Nfeat = 90
self.fidx_X.values() = dict_values([0, 1, 2, 3, 4, 5, 6, 7, 8, 9, 10, 11, 12, 13, 14, 15, 16, 17, 18, 19, 20, 21, 22, 23, 24, 25, 26, 27, 28, 29, 30, 31, 32, 33, 34, 35, 36, 37, 38, 39, 40, 41, 42, 43, 44, 45, 46, 47, 48, 49, 50, 51, 52, 53, 54, 55, 56, 57, 58, 59, 60, 61, 62, 63, 64, 65, 66, 67, 68, 69, 70, 71, 72, 73, 74, 75, 76, 77, 78, 79, 80, 81, 82, 83, 84, 85, 86, 87, 88, 89])
uref: min=-14.131886800130209, max=55.312765502929686
temp_capavg.shape = (182, 10)
Nfeat = 90
self.fidx_X.values() = dict_values([0, 1, 2, 3, 4, 5, 6, 7, 8, 9, 10, 11, 12, 13, 14, 15, 16, 17, 18, 19, 20, 21, 22, 23, 24, 25, 26, 27, 28, 29, 30, 31, 32, 33, 34, 35, 36, 37, 38, 39, 40, 41, 42, 43, 44, 45, 46, 47, 48, 49, 50, 51, 52, 53, 54, 55, 56, 57, 58, 59, 60, 61, 62, 63, 64, 65, 66, 67, 68, 69, 70, 71, 72, 73, 74, 75, 76, 77, 78, 79, 80, 81, 82, 83, 84, 85, 86, 87, 88, 89])
uref: min=-18.52940165201823, max=39.67571207682292
temp_capavg.shape = (181, 10)
Nfeat = 90
self.fidx_X.values() = dict_values([0, 1, 2, 3, 4, 5, 6, 7, 8, 9, 10, 11, 12, 13, 14, 15, 16, 17, 18, 19, 20, 21, 22, 23, 24, 25, 26, 27, 28, 29, 30, 31, 32, 33, 34, 35, 36, 37, 38, 39, 40, 41, 42, 43, 44, 45, 46, 47, 48, 49, 50, 51, 52, 53, 54, 55, 56, 57, 58, 59, 60, 61, 62, 63, 64, 65, 66, 67, 68, 69, 70, 71, 72, 73, 74, 75, 76, 77, 78, 79, 80, 81, 82, 83, 84, 85, 86, 87, 88, 89])
uref: min=-4.171204630533854, max=44.49456888834636
Nlev = 10, vT.shape = (182, 10), i_feat = 79, X.shape = (182, 90)
evaluated ds_filename /scratch/jf4241/ecmwf_data/era20c_data/2021-11-03/1991-11-01_to_1992-04-30.nc
temp_capavg.shape = (182, 10)
Nlev = 10, vT.shape = (181, 10), i_feat = 79, X.shape = (181, 90)
evaluated ds_filename /scratch/jf4241/ecmwf_data/era20c_data/2021-11-03/1997-11-01_to_1998-04-30.nc
Nlev = 10, vT.shape = (182, 10), i_feat = 79, X.shape = (182, 90)
evaluated ds_filename /scratch/jf4241/ecmwf_data/era20c_data/2021-11-03/2003-11-01_to_2004-04-30.nc
Nfeat = 90
self.fidx_X.values() = dict_values([0, 1, 2, 3, 4, 5, 6, 7, 8, 9, 10, 11, 12, 13, 14, 15, 16, 17, 18, 19, 20, 21, 22, 23, 24, 25, 26, 27, 28, 29, 30, 31, 32, 33, 34, 35, 36, 37, 38, 39, 40, 41, 42, 43, 44, 45, 46, 47, 48, 49, 50, 51, 52, 53, 54, 55, 56, 57, 58, 59, 60, 61, 62, 63, 64, 65, 66, 67, 68, 69, 70, 71, 72, 73, 74, 75, 76, 77, 78, 79, 80, 81, 82, 83, 84, 85, 86, 87, 88, 89])
uref: min=-11.677670288085938, max=53.831365966796874
temp_capavg.shape = (181, 10)
Nfeat = 90
self.fidx_X.values() = dict_values([0, 1, 2, 3, 4, 5, 6, 7, 8, 9, 10, 11, 12, 13, 14, 15, 16, 17, 18, 19, 20, 21, 22, 23, 24, 25, 26, 27, 28, 29, 30, 31, 32, 33, 34, 35, 36, 37, 38, 39, 40, 41, 42, 43, 44, 45, 46, 47, 48, 49, 50, 51, 52, 53, 54, 55, 56, 57, 58, 59, 60, 61, 62, 63, 64, 65, 66, 67, 68, 69, 70, 71, 72, 73, 74, 75, 76, 77, 78, 79, 80, 81, 82, 83, 84, 85, 86, 87, 88, 89])
uref: min=-12.887514241536458, max=53.33993937174479
temp_capavg.shape = (181, 10)
Nfeat = 90
self.fidx_X.values() = dict_values([0, 1, 2, 3, 4, 5, 6, 7, 8, 9, 10, 11, 12, 13, 14, 15, 16, 17, 18, 19, 20, 21, 22, 23, 24, 25, 26, 27, 28, 29, 30, 31, 32, 33, 34, 35, 36, 37, 38, 39, 40, 41, 42, 43, 44, 45, 46, 47, 48, 49, 50, 51, 52, 53, 54, 55, 56, 57, 58, 59, 60, 61, 62, 63, 64, 65, 66, 67, 68, 69, 70, 71, 72, 73, 74, 75, 76, 77, 78, 79, 80, 81, 82, 83, 84, 85, 86, 87, 88, 89])
uref: min=-12.58988545735677, max=66.14429626464843
Nlev = 10, vT.shape = (181, 10), i_feat = 79, X.shape = (181, 90)
evaluated ds_filename /scratch/jf4241/ecmwf_data/era20c_data/2021-11-03/1992-11-01_to_1993-04-30.nc
temp_capavg.shape = (181, 10)
Nlev = 10, vT.shape = (181, 10), i_feat = 79, X.shape = (181, 90)
evaluated ds_filename /scratch/jf4241/ecmwf_data/era20c_data/2021-11-03/1998-11-01_to_1999-04-30.nc
Nlev = 10, vT.shape = (181, 10), i_feat = 79, X.shape = (181, 90)
evaluated ds_filename /scratch/jf4241/ecmwf_data/era20c_data/2021-11-03/2004-11-01_to_2005-04-30.nc
Nfeat = 90
self.fidx_X.values() = dict_values([0, 1, 2, 3, 4, 5, 6, 7, 8, 9, 10, 11, 12, 13, 14, 15, 16, 17, 18, 19, 20, 21, 22, 23, 24, 25, 26, 27, 28, 29, 30, 31, 32, 33, 34, 35, 36, 37, 38, 39, 40, 41, 42, 43, 44, 45, 46, 47, 48, 49, 50, 51, 52, 53, 54, 55, 56, 57, 58, 59, 60, 61, 62, 63, 64, 65, 66, 67, 68, 69, 70, 71, 72, 73, 74, 75, 76, 77, 78, 79, 80, 81, 82, 83, 84, 85, 86, 87, 88, 89])
uref: min=-18.648064168294272, max=56.39778544108073
temp_capavg.shape = (181, 10)
Nfeat = 90
self.fidx_X.values() = dict_values([0, 1, 2, 3, 4, 5, 6, 7, 8, 9, 10, 11, 12, 13, 14, 15, 16, 17, 18, 19, 20, 21, 22, 23, 24, 25, 26, 27, 28, 29, 30, 31, 32, 33, 34, 35, 36, 37, 38, 39, 40, 41, 42, 43, 44, 45, 46, 47, 48, 49, 50, 51, 52, 53, 54, 55, 56, 57, 58, 59, 60, 61, 62, 63, 64, 65, 66, 67, 68, 69, 70, 71, 72, 73, 74, 75, 76, 77, 78, 79, 80, 81, 82, 83, 84, 85, 86, 87, 88, 89])
uref: min=-11.247799682617188, max=72.44061584472657
temp_capavg.shape = (182, 10)
Nfeat = 90
self.fidx_X.values() = dict_values([0, 1, 2, 3, 4, 5, 6, 7, 8, 9, 10, 11, 12, 13, 14, 15, 16, 17, 18, 19, 20, 21, 22, 23, 24, 25, 26, 27, 28, 29, 30, 31, 32, 33, 34, 35, 36, 37, 38, 39, 40, 41, 42, 43, 44, 45, 46, 47, 48, 49, 50, 51, 52, 53, 54, 55, 56, 57, 58, 59, 60, 61, 62, 63, 64, 65, 66, 67, 68, 69, 70, 71, 72, 73, 74, 75, 76, 77, 78, 79, 80, 81, 82, 83, 84, 85, 86, 87, 88, 89])
uref: min=-2.243207804361979, max=46.38324890136719
Nlev = 10, vT.shape = (181, 10), i_feat = 79, X.shape = (181, 90)
evaluated ds_filename /scratch/jf4241/ecmwf_data/era20c_data/2021-11-03/1993-11-01_to_1994-04-30.nc
temp_capavg.shape = (181, 10)
Nlev = 10, vT.shape = (182, 10), i_feat = 79, X.shape = (182, 90)
evaluated ds_filename /scratch/jf4241/ecmwf_data/era20c_data/2021-11-03/1999-11-01_to_2000-04-30.nc
Nlev = 10, vT.shape = (181, 10), i_feat = 79, X.shape = (181, 90)
evaluated ds_filename /scratch/jf4241/ecmwf_data/era20c_data/2021-11-03/2005-11-01_to_2006-04-30.nc
Nfeat = 90
self.fidx_X.values() = dict_values([0, 1, 2, 3, 4, 5, 6, 7, 8, 9, 10, 11, 12, 13, 14, 15, 16, 17, 18, 19, 20, 21, 22, 23, 24, 25, 26, 27, 28, 29, 30, 31, 32, 33, 34, 35, 36, 37, 38, 39, 40, 41, 42, 43, 44, 45, 46, 47, 48, 49, 50, 51, 52, 53, 54, 55, 56, 57, 58, 59, 60, 61, 62, 63, 64, 65, 66, 67, 68, 69, 70, 71, 72, 73, 74, 75, 76, 77, 78, 79, 80, 81, 82, 83, 84, 85, 86, 87, 88, 89])
uref: min=-16.089271036783853, max=52.37621866861979
temp_capavg.shape = (181, 10)
Nfeat = 90
self.fidx_X.values() = dict_values([0, 1, 2, 3, 4, 5, 6, 7, 8, 9, 10, 11, 12, 13, 14, 15, 16, 17, 18, 19, 20, 21, 22, 23, 24, 25, 26, 27, 28, 29, 30, 31, 32, 33, 34, 35, 36, 37, 38, 39, 40, 41, 42, 43, 44, 45, 46, 47, 48, 49, 50, 51, 52, 53, 54, 55, 56, 57, 58, 59, 60, 61, 62, 63, 64, 65, 66, 67, 68, 69, 70, 71, 72, 73, 74, 75, 76, 77, 78, 79, 80, 81, 82, 83, 84, 85, 86, 87, 88, 89])
uref: min=-12.580713907877604, max=40.02818908691406
temp_capavg.shape = (181, 10)
Nfeat = 90
self.fidx_X.values() = dict_values([0, 1, 2, 3, 4, 5, 6, 7, 8, 9, 10, 11, 12, 13, 14, 15, 16, 17, 18, 19, 20, 21, 22, 23, 24, 25, 26, 27, 28, 29, 30, 31, 32, 33, 34, 35, 36, 37, 38, 39, 40, 41, 42, 43, 44, 45, 46, 47, 48, 49, 50, 51, 52, 53, 54, 55, 56, 57, 58, 59, 60, 61, 62, 63, 64, 65, 66, 67, 68, 69, 70, 71, 72, 73, 74, 75, 76, 77, 78, 79, 80, 81, 82, 83, 84, 85, 86, 87, 88, 89])
uref: min=-19.064085896809896, max=49.765261840820315
Nlev = 10, vT.shape = (181, 10), i_feat = 79, X.shape = (181, 90)
evaluated ds_filename /scratch/jf4241/ecmwf_data/era20c_data/2021-11-03/1994-11-01_to_1995-04-30.nc
temp_capavg.shape = (181, 10)
Nlev = 10, vT.shape = (181, 10), i_feat = 79, X.shape = (181, 90)
evaluated ds_filename /scratch/jf4241/ecmwf_data/era20c_data/2021-11-03/2000-11-01_to_2001-04-30.nc
Nlev = 10, vT.shape = (181, 10), i_feat = 79, X.shape = (181, 90)
evaluated ds_filename /scratch/jf4241/ecmwf_data/era20c_data/2021-11-03/2006-11-01_to_2007-04-30.nc
Nfeat = 90
self.fidx_X.values() = dict_values([0, 1, 2, 3, 4, 5, 6, 7, 8, 9, 10, 11, 12, 13, 14, 15, 16, 17, 18, 19, 20, 21, 22, 23, 24, 25, 26, 27, 28, 29, 30, 31, 32, 33, 34, 35, 36, 37, 38, 39, 40, 41, 42, 43, 44, 45, 46, 47, 48, 49, 50, 51, 52, 53, 54, 55, 56, 57, 58, 59, 60, 61, 62, 63, 64, 65, 66, 67, 68, 69, 70, 71, 72, 73, 74, 75, 76, 77, 78, 79, 80, 81, 82, 83, 84, 85, 86, 87, 88, 89])
uref: min=-14.80780741373698, max=63.24080810546875
temp_capavg.shape = (182, 10)
Nlev = 10, vT.shape = (182, 10), i_feat = 79, X.shape = (182, 90)
evaluated ds_filename /scratch/jf4241/ecmwf_data/era20c_data/2021-11-03/1995-11-01_to_1996-04-30.nc
Nfeat = 90
self.fidx_X.values() = dict_values([0, 1, 2, 3, 4, 5, 6, 7, 8, 9, 10, 11, 12, 13, 14, 15, 16, 17, 18, 19, 20, 21, 22, 23, 24, 25, 26, 27, 28, 29, 30, 31, 32, 33, 34, 35, 36, 37, 38, 39, 40, 41, 42, 43, 44, 45, 46, 47, 48, 49, 50, 51, 52, 53, 54, 55, 56, 57, 58, 59, 60, 61, 62, 63, 64, 65, 66, 67, 68, 69, 70, 71, 72, 73, 74, 75, 76, 77, 78, 79, 80, 81, 82, 83, 84, 85, 86, 87, 88, 89])
uref: min=-9.057023111979166, max=48.12566630045573
temp_capavg.shape = (181, 10)
Nlev = 10, vT.shape = (181, 10), i_feat = 79, X.shape = (181, 90)
evaluated ds_filename /scratch/jf4241/ecmwf_data/era20c_data/2021-11-03/2001-11-01_to_2002-04-30.nc
eval_dur = 280.8308095932007
Starting TPT on era20c
	Seed 0 of 1
 -------------- Inside evaluate_tpt_features: tpt_feat_filename = /scratch/jf4241/ecmwf_data/results/2022-02-02/0/era20c/delay20/seed0/Y, resample_flag = False, seed = 0 --------------
Before resampling: X.shape = (107, 150, 90)
After resampling: X.shape = (107, 150, 90)
Nx = 107, Ntx = 150, xdim = 90
self.ndelay = 21
ydim = 36
Y[0,0,0] = 480.0
t_szn.shape = (2718,), uref_szn_mean.shape = (150,)
t_szn.shape = (2718,), uref_szn_mean.shape = (150,)
t_szn.shape = (2718,), uref_szn_mean.shape = (150,)
t_szn.shape = (2718,), uref_szn_mean.shape = (150,)
t_szn.shape = (2718,), uref_szn_mean.shape = (150,)
t_szn.shape = (2718,), uref_szn_mean.shape = (150,)
t_szn.shape = (2718,), uref_szn_mean.shape = (150,)
t_szn.shape = (2718,), uref_szn_mean.shape = (150,)
t_szn.shape = (2718,), uref_szn_mean.shape = (150,)
t_szn.shape = (2718,), uref_szn_mean.shape = (150,)
t_szn.shape = (2718,), uref_szn_mean.shape = (150,)
t_szn.shape = (2718,), uref_szn_mean.shape = (150,)
t_szn.shape = (2718,), uref_szn_mean.shape = (150,)
t_szn.shape = (2718,), uref_szn_mean.shape = (150,)
t_szn.shape = (2718,), uref_szn_mean.shape = (150,)
t_szn.shape = (2718,), uref_szn_mean.shape = (150,)
t_szn.shape = (2718,), uref_szn_mean.shape = (150,)
t_szn.shape = (2718,), uref_szn_mean.shape = (150,)
t_szn.shape = (2718,), uref_szn_mean.shape = (150,)
t_szn.shape = (2718,), uref_szn_mean.shape = (150,)
t_szn.shape = (2718,), uref_szn_mean.shape = (150,)
